MJD_OBS MAG MAG_ERR BAND
56534.27255115 20.433434214777005 0.008696719086329074 b'g'
56538.32545702 20.43936604463192 0.011515689992325662 b'g'
56543.29564618 20.403885245189684 0.01142598999765454 b'g'
56545.38434587 20.428655508247147 0.014652056012611324 b'g'
56547.22620564 20.412608463891004 0.013658762723235185 b'g'
56563.21442903 20.532182231489422 0.012593908364749495 b'g'
56567.17108007 20.501700178749008 0.015340563294664378 b'g'
56575.14995317 20.650386736673912 0.01397211296981027 b'g'
56579.13918114 20.616012322715886 0.0321673603892485 b'g'
56590.29693141 20.55966236536594 0.04889137067039684 b'g'
56592.18788656 20.6123194988503 0.024836657233091586 b'g'
56594.10471237 20.611267083479778 0.01780881618282848 b'g'
56602.07712309 20.650350480785324 0.013803769160425361 b'g'
56609.06892575 20.526047380392363 0.038243666407804966 b'g'
56616.05929527 20.70067840987547 0.029755357192843942 b'g'
56627.0366392 20.75417099411083 0.016263052061813 b'g'
56631.17721299 20.77636532782388 0.10455797666334021 b'g'
56635.04039533 20.72734192763206 0.027798695837613963 b'g'
56645.04977026 20.634210730521996 0.030927958902594806 b'g'
56649.11827883 20.610572564132053 0.016596012791325165 b'g'
56653.09994662 20.621448886138822 0.01743154999400076 b'g'
56660.04722263 20.64431342113228 0.01722929055322453 b'g'
56675.04293128 20.61868525250162 0.03483967677980715 b'g'
56682.03895828 20.66036475812969 0.02278148359379628 b'g'
56687.03862333 20.69781429887401 0.02431435872814447 b'g'
56694.03192676 20.498903392661152 0.033521072571168986 b'g'
56890.32816862 20.52498515111278 0.01310004529879194 b'g'
56898.35807258 20.609826016070365 0.1229338443333674 b'g'
56903.38327382 20.47716163660694 0.017114563173599606 b'g'
56923.3153983 20.337551177620295 0.014480219651552773 b'g'
56927.28034363 20.36626731897899 0.014015743714224984 b'g'
56932.21748548 20.4287365672962 0.017814609215950128 b'g'
56943.20180649 20.444550406321266 0.024371930099007955 b'g'
56949.22200373 20.58142313437941 0.22416638972468306 b'g'
56952.11774662 20.388641282522173 0.012601396627562877 b'g'
56959.10012355 20.441024844812212 0.015555987174955987 b'g'
56964.21531627 20.44975740613839 0.03244007015506867 b'g'
56973.18307285 20.490966614611757 0.019000117951215145 b'g'
56980.17867779 20.50369133072679 0.011261016523032907 b'g'
56987.17992482 20.49886527685973 0.01229566928550696 b'g'
56990.18052967 20.504219364039983 0.01928681236694274 b'g'
57001.14650543 20.408730991915807 0.040619385003083146 b'g'
57003.04268242 20.48150681003839 0.013352448126145333 b'g'
57011.07065625 20.56522445360104 0.01142733783921912 b'g'
57018.04292847 20.574042373449434 0.02775133032887922 b'g'
57029.06564567 20.559044135421217 0.029714454729077744 b'g'
57036.05068902 20.51901860098731 0.014656826075398754 b'g'
57042.07353677 20.47430388131882 0.016869303802444335 b'g'
57049.06518968 20.41276917216511 0.05016443226085343 b'g'
57248.38841221 20.163619581745998 0.01758740983014917 b'g'
57252.30287043 20.27554864810745 0.013295986213151423 b'g'
57256.2924534 20.146712731525106 0.01812670225770674 b'g'
57277.30738532 20.227122101641314 0.01266116843345344 b'g'
57284.32380317 20.240012793590157 0.014915631637595796 b'g'
57299.21793666 20.241372366803088 0.033579265704830163 b'g'
57303.16618709 20.1828104918918 0.02206543215051937 b'g'
57304.20522842 20.299173273879468 0.014194989368739641 b'g'
57311.29366614 20.33156645647057 0.012494116161981594 b'g'
57315.20571904 20.336046116121 0.016722954756385633 b'g'
57319.13208062 20.281089482878095 0.050859741647983014 b'g'
57329.16868387 20.374037018169258 0.011724049867424924 b'g'
57339.11740224 20.323495343470952 0.014675482258269314 b'g'
57345.22678645 20.344026699033474 0.01342617222540099 b'g'
57355.20998239 20.21981351698761 0.03306667626259596 b'g'
57365.10745005 20.32913763500895 0.010119531294183302 b'g'
57367.18116526 20.306068410603086 0.017008508026556513 b'g'
57372.0996086 20.32518157878478 0.013869269656158423 b'g'
57385.06428003 20.35208180157897 0.011264344513115532 b'g'
57389.10905096 20.363286655011215 0.012759871965563718 b'g'
57396.09640417 20.380569226225987 0.012963481469309812 b'g'
57428.05614653 20.385575808150946 0.016316216912521497 b'g'
57615.32213041 20.432539734979635 0.047177896861015256 b'g'
57626.276511 20.511291203629767 0.017071160032280375 b'g'
57633.26310456 20.474033581941672 0.014230888749359849 b'g'
57637.27178996 20.457375154943666 0.016361405741104562 b'g'
57643.317543515004 20.491340104536405 0.020549599676244288 b'g'
57644.36655101 20.47903819037766 0.05006948651184828 b'g'
57653.30543171 20.536515079139896 0.023990854959976105 b'g'
57656.23759219 20.462516015196407 0.01871701927598579 b'g'
57657.38141749 20.538020860519545 0.015620796412868287 b'g'
57663.30674646 20.48509392423791 0.013336050071988126 b'g'
57670.12177779 20.46596759994799 0.030829629755260157 b'g'
57681.17728317 20.704425143303958 0.03875293081096487 b'g'
57684.11212984 20.44793912163363 0.019567430993518542 b'g'
57687.30523599 20.48106691634637 0.02330346696577834 b'g'
57688.15470256 20.548108431433697 0.01418238806646599 b'g'
57694.29613746 20.653723406948135 0.10204788972063739 b'g'
57695.09246022 20.468019528505764 0.020253631332714406 b'g'
57702.09070737 20.608298434998407 0.03874224495278966 b'g'
57709.15964611 20.713357372528947 0.048447586095981876 b'g'
57714.23755852 20.49341223853618 0.01838758355431125 b'g'
57718.17915362 20.519770425910803 0.014395967644585282 b'g'
57721.13425032 20.49303650529165 0.018484221145921964 b'g'
57723.07683853 20.505999519356543 0.015325063240648973 b'g'
57730.10023237 20.523973646449868 0.03503515099435717 b'g'
57739.16813527 20.576094411075836 0.03709118865097594 b'g'
57746.04338473 20.551866523781534 0.014709165142111402 b'g'
57750.12396873 20.443591039248442 0.016294210115841423 b'g'
57756.0780291 20.531411863766607 0.017589783410254967 b'g'
57770.05084575 20.52840983851861 0.014972490624245438 b'g'
57778.04793592 20.479527370891287 0.019261839144554926 b'g'
57782.05371052 20.453648097387543 0.018796884688040194 b'g'
57986.30066655 20.30134115973909 0.01355955956059418 b'g'
57991.27315599 20.397840693856597 0.026694702588869745 b'g'
57996.35387954 20.313138396394173 0.02477110606887578 b'g'
57999.30137912 20.274006666516332 0.056636536333925847 b'g'
58010.22641608 20.374194820807944 0.012764345021466283 b'g'
58015.23272915 20.31391244941008 0.01742292404442125 b'g'
58021.27758168 20.415610888481325 0.013551101491920292 b'g'
58039.20044799 20.384664284845975 0.012047557889243166 b'g'
58044.29905314 20.39554581587005 0.013234121779834851 b'g'
58052.20401874 20.305458993033618 0.012969449421362356 b'g'
58055.28773155 20.305035936227327 0.014785884577971586 b'g'
58057.18888204 20.32319669070374 0.027947590147196166 b'g'
58064.18879986 20.256048704555916 0.029884198265985873 b'g'
58071.17719077 20.28822883696806 0.011203434812909308 b'g'
58076.19782221 20.30323764117837 0.013495285535118029 b'g'
58080.15103724 20.272021315950997 0.014588937354968579 b'g'
58082.17350415 20.25405879171974 0.013482912035296835 b'g'
58092.0612087 20.348128501241398 0.038435383096754094 b'g'
58097.14039579 20.241286693024662 0.01156995587003351 b'g'
58102.05419261 20.23345912774035 0.012373554621593286 b'g'
58109.06973417 20.345316673109952 0.010329605625482685 b'g'
58113.09041158 20.336245377917443 0.018738902370088795 b'g'
58122.1141673 20.38166105163899 0.032144582110714026 b'g'
58129.09484949 20.327559099523434 0.013982745795928508 b'g'
58134.08890847 20.316001845642266 0.012680942991135424 b'g'
58372.29640625 20.319444299149342 0.011025278030803777 b'g'
58401.33874871 20.379389278905524 0.06960781441357966 b'g'
58409.22622641 20.205301368630643 0.018613715153005472 b'g'
58431.16972839 20.160981410687498 0.009887914519477903 b'g'
58453.114290655 20.2087768364893 0.007244155152755435 b'g'
56534.27491539 20.270617675397915 0.010791716999865725 b'r'
56538.32782695 20.271470687086364 0.015067122183012316 b'r'
56543.29801255 20.24338679076215 0.015869238622205017 b'r'
56545.3857379 20.249461373862854 0.016243858485804452 b'r'
56547.22856335 20.235217043811804 0.01664464494938045 b'r'
56563.21680791 20.29647625648394 0.015129705214363298 b'r'
56567.17345569 20.337058208636 0.018597157167867806 b'r'
56575.15231323 20.41504578042796 0.016163077416077698 b'r'
56579.1415469 20.46048364141094 0.028904645081091473 b'r'
56590.29928636 20.536672746803184 0.039139283735455166 b'r'
56594.10707723 20.46643076851803 0.02231934449383033 b'r'
56602.07951107 20.394916685409623 0.016721911004253798 b'r'
56609.07128854 20.53202406488596 0.033211852829673205 b'r'
56627.0390147 20.569255730793607 0.01586512660334094 b'r'
56635.04275967 20.489691320756382 0.024411110758297383 b'r'
56645.05216995 20.462947865563542 0.030610916617117567 b'r'
56649.12064652 20.442856456066202 0.018831361975959027 b'r'
56653.10232488 20.34719415463453 0.019442695883284955 b'r'
56660.04957757 20.40458100158128 0.018177141708054734 b'r'
56675.04530508 20.485298270428835 0.028068129768648475 b'r'
56682.04132571 20.34622017886223 0.02298318407381572 b'r'
56687.04099402 20.41345019654268 0.02225312356317133 b'r'
56694.03431907 20.492471376735764 0.030892953746135987 b'r'
56890.33051587 20.337917236608586 0.01773002951446756 b'r'
56903.38561995 20.258849104616154 0.02633232788602413 b'r'
56923.3177462 20.173990294820726 0.019376710640496952 b'r'
56927.28270873 20.19080920348172 0.016631372252536636 b'r'
56932.21985709 20.225241799431416 0.01730195283409941 b'r'
56952.12009572 20.205366860852326 0.015582281577298573 b'r'
56957.10614385 20.173979508739563 0.02313126127302212 b'r'
56959.10247041 20.20791756902661 0.017500187627408792 b'r'
56964.21766839 20.298487275594407 0.02565684986700134 b'r'
56973.18543443 20.286171889440915 0.01829332874488543 b'r'
56980.18103397 20.27828574278597 0.014945157749053806 b'r'
56987.18226769 20.270126463915705 0.014923488321400669 b'r'
56990.18289717 20.30686676994485 0.024481271944477356 b'r'
57001.14885861 20.207384884338776 0.03033210897466887 b'r'
57003.04502921 20.312193539139454 0.015277247707036421 b'r'
57011.07302528 20.332609599457363 0.013374139122895201 b'r'
57018.04529278 20.291605090196065 0.029969456194535837 b'r'
57019.04456072 20.280843449227415 0.028145907558386085 b'r'
57029.0680166 20.265993817089786 0.030438357079194844 b'r'
57036.05305713 20.33326683858136 0.015857338959619938 b'r'
57042.0758959 20.339557432685496 0.01954503678601327 b'r'
57049.06755397 20.173353796196082 0.04258110870548393 b'r'
57248.39078037 20.028207702977873 0.022457504443124776 b'r'
57252.30522053 20.12000084670736 0.017089227298900056 b'r'
57256.2948093 20.037523364447605 0.02028254368568483 b'r'
57265.28845466 20.192474184407093 0.0469231993952306 b'r'
57276.31218181 20.13960660806215 0.02656531302354992 b'r'
57277.30973616 20.05771434332077 0.014461226787386039 b'r'
57284.32614567 20.060158566848024 0.0193595944070033 b'r'
57291.22427073 20.115214557406187 0.039320796550072146 b'r'
57299.22030249 20.152807063990537 0.03816095825880694 b'r'
57303.16855064 20.017047172003622 0.02279247535224016 b'r'
57304.20760232 20.131909800908822 0.015864726217166947 b'r'
57311.29601161 20.15261767525236 0.015306343306210834 b'r'
57315.20808064 20.16711443935535 0.021604874311819344 b'r'
57319.13443951 20.183617033913187 0.03210442152467863 b'r'
57329.17104264 20.189282995696498 0.015911300999132294 b'r'
57339.11975826 20.120701434962566 0.020664037955494763 b'r'
57345.22914577 20.128542517341604 0.016298713068273685 b'r'
57355.21230785 20.07238021293371 0.025645493465010105 b'r'
57365.10980652 20.143722309019775 0.01203897539862453 b'r'
57367.17978851 20.17023184993046 0.019113417051993764 b'r'
57372.10195191 20.167453334098926 0.015220994985661207 b'r'
57385.06664037 20.155207329818534 0.012553483832949297 b'r'
57389.11141607 20.173210814100067 0.014591991971752094 b'r'
57396.09878367 20.18874172454126 0.01583565663822384 b'r'
57626.27888769 20.314378303672648 0.018537447289844522 b'r'
57633.26547319 20.21794648994106 0.016659637249841097 b'r'
57637.27414823 20.26464037260516 0.01932144744067088 b'r'
57643.25822897 20.319729895680943 0.027341519838895323 b'r'
57644.36516854 20.228572158768834 0.05935912816830324 b'r'
57653.30779694 20.27906447563162 0.022291759975644254 b'r'
57655.28277013 20.257373552365543 0.02164534733922707 b'r'
57657.38378219 20.288087009405857 0.016768931955009947 b'r'
57663.30910343 20.33097525928694 0.01724904811700867 b'r'
57684.11448172 20.307061632018158 0.02082709037965813 b'r'
57687.30385572 20.27616565559697 0.026859799546055992 b'r'
57688.15705937 20.347535754535606 0.017029991307882852 b'r'
57695.09481699 20.358812834004873 0.021704259176576812 b'r'
57702.0930785 20.39141544598591 0.028406473189349413 b'r'
57709.1620067 20.429909431248838 0.036330291857524344 b'r'
57714.23991427 20.325012150807055 0.01952328674795112 b'r'
57718.18151724 20.348421367836316 0.014726339097510532 b'r'
57720.14448621 20.379829572609115 0.021272510521182397 b'r'
57723.07919533 20.33331098245697 0.01750682284372118 b'r'
57730.1025858 20.30276487425925 0.030236216734579102 b'r'
57739.17049014 20.306683975430172 0.027343730654553866 b'r'
57746.04573466 20.3878756607715 0.013664187216303247 b'r'
57750.12633807 20.28086454512703 0.017696937924160494 b'r'
57756.08038386 20.30402978091336 0.018438724323385003 b'r'
57770.05322472 20.32584510822454 0.016395330244439066 b'r'
57778.05030147 20.26667725736732 0.023528194985850348 b'r'
57782.0560822 20.228871318065565 0.02103914739986834 b'r'
57986.303008 20.14794344976106 0.016593216198423022 b'r'
57991.27551803 20.162263185181004 0.03446298700761474 b'r'
57996.35623731 20.212326585380463 0.02926775419711447 b'r'
58010.22877104 20.19376845511283 0.01453794154924637 b'r'
58015.23508709 20.169273149096938 0.015844144225777512 b'r'
58021.27994285 20.172103801866278 0.0190556650829663 b'r'
58039.20280354 20.220206389593187 0.01524336890956235 b'r'
58044.30140543 20.205189113998976 0.016933103361481017 b'r'
58052.20639267 20.16580600045796 0.014582457741752819 b'r'
58055.28636532 20.109781973150007 0.01577997014904753 b'r'
58057.19123751 20.161855281221108 0.021650803958664255 b'r'
58064.19116807 20.192345208250174 0.02297450421435343 b'r'
58067.22122417 20.101749531073025 0.020657639575659914 b'r'
58071.17954965 20.13727646356059 0.013061417122891328 b'r'
58076.20017115 20.0841252708926 0.014186486956415223 b'r'
58082.17585903 20.08341530315047 0.016224709906808243 b'r'
58092.06355116 20.15475388358079 0.029805488134176272 b'r'
58097.1427453 20.097891781822018 0.013197971006665199 b'r'
58102.05655332 20.112358540605634 0.014807190230794019 b'r'
58109.07210065 20.124769801223707 0.01260201865493471 b'r'
58113.09277865 20.15260058307291 0.016017551329156277 b'r'
58122.11653925 20.18399581145499 0.025781144540761858 b'r'
58129.09721025 20.097484909900054 0.01621817560572225 b'r'
58134.09126918 20.162107458338784 0.014270456267432506 b'r'
58372.29812912 20.111893440162923 0.012965699823205057 b'r'
58409.22795891 20.049263270642417 0.016927406709420723 b'r'
58431.17146038 20.021752634836556 0.012736367862849818 b'r'
58451.21031559 20.062460190096246 0.015259592712155268 b'r'
58453.15740825 20.02198359660411 0.0110102293999077 b'r'
56534.28759082 19.990772283058106 0.015712602825587396 b'i'
56538.32988669 19.955914015429016 0.01630096759904376 b'i'
56543.30009032 19.96297624135926 0.016295492742486317 b'i'
56547.23064042 19.93168968718575 0.015933585905866465 b'i'
56563.21888135 19.984874988989155 0.015615564139046967 b'i'
56567.17554272 19.96989602006453 0.01778958567760469 b'i'
56575.15439532 20.03472583816625 0.016790001213941252 b'i'
56579.14362511 20.07709911312314 0.02482597484598159 b'i'
56590.30136956 20.0619572289085 0.026187077122941105 b'i'
56594.10915315 20.102332256838125 0.025315782662083564 b'i'
56602.08157659 20.06822874208661 0.016373860214386582 b'i'
56609.07338949 20.126507942856993 0.026501901781607273 b'i'
56627.04108444 20.130291770183284 0.01579499113410776 b'i'
56635.04486459 20.097174702683503 0.021137576149506287 b'i'
56645.05425054 20.098611431396773 0.021728640103397368 b'i'
56649.12273894 20.090235276099392 0.02175654136482663 b'i'
56653.10439718 20.07031879024251 0.018004668140363833 b'i'
56660.05166064 20.059038563675966 0.01766516781892946 b'i'
56667.09276401 20.125861240581848 0.04122833856775898 b'i'
56675.04737901 20.132229841586486 0.02325014536875969 b'i'
56682.04341177 20.08683122854738 0.021629846283222065 b'i'
56687.04305232 20.07890427239024 0.020970563252202368 b'i'
56694.03637159 20.04083022637437 0.028759630511387965 b'i'
56890.33257637 20.015289829325127 0.019606600035906755 b'i'
56903.3876786 19.937884128821214 0.03213255345044885 b'i'
56923.31982588 19.91430182132008 0.018679460599663855 b'i'
56924.31395172 20.01608399890762 0.019316523884025827 b'i'
56927.28477319 19.931961853908007 0.016518583195185954 b'i'
56930.28630346 19.974172457114502 0.018987705927084875 b'i'
56932.22191212 19.948876158913404 0.015097970299670749 b'i'
56949.22640903 19.892190558768107 0.1136801012262616 b'i'
56952.1221554 19.905863298493816 0.017736517535031027 b'i'
56957.10820318 19.880539809583457 0.022423493311695353 b'i'
56959.10454345 19.93767971605936 0.018272666511474966 b'i'
56964.21973556 19.94580455512135 0.022995722488836634 b'i'
56973.18750085 19.957822843508573 0.015511177963031031 b'i'
56980.18309052 19.94234319949125 0.01676540990820996 b'i'
56987.18432131 19.996781341733886 0.01643559385693294 b'i'
56990.18497199 20.018918556467504 0.040990334485780267 b'i'
57001.15091772 19.946056623432934 0.0301240146704842 b'i'
57003.04709966 19.991836937963303 0.016408639445554485 b'i'
57011.07507641 19.99500647675342 0.01596585529280148 b'i'
57018.04735314 19.983915898253976 0.021316002927363797 b'i'
57019.04662961 19.99438695147134 0.021817872845101505 b'i'
57029.07006275 20.018209221449112 0.025741175086409385 b'i'
57036.05512803 20.00733408332777 0.017188695344039218 b'i'
57042.07794813 20.040364012019246 0.01815180120485138 b'i'
57049.06961398 20.02295730956165 0.033676272707143795 b'i'
57248.39284514 19.799850185088292 0.022087172205640826 b'i'
57252.30727805 19.886352671948604 0.01800496151620834 b'i'
57256.29686649 19.86302235885205 0.01891390803449866 b'i'
57265.29050769 19.829892421142794 0.02751786753011487 b'i'
57276.31423819 19.840460002711342 0.015313818995615236 b'i'
57277.31178213 19.83609455003723 0.014712122670903938 b'i'
57284.32821704 19.826801798078556 0.01691695541398275 b'i'
57288.20063504 19.817012052889034 0.022925955914125495 b'i'
57291.22634561 19.808544179805374 0.02819369496737778 b'i'
57299.22237621 19.975248112025785 0.04206502611037877 b'i'
57303.17061631 19.891913214644852 0.021113052483034522 b'i'
57304.20966236 19.909094794920847 0.017196118210577538 b'i'
57311.29807479 19.90677660578698 0.013485475529247282 b'i'
57315.21014418 19.937599643926145 0.020366209107596234 b'i'
57319.13650664 19.87798097775765 0.02931877349096368 b'i'
57329.17310891 19.9172989551161 0.01696801913620405 b'i'
57339.12182711 19.929898818286592 0.019231536480173617 b'i'
57345.231214 19.92428104320197 0.02016727986232425 b'i'
57355.21438013 20.006254566942125 0.021375582524186143 b'i'
57365.11187659 19.928445617640257 0.012361739638137692 b'i'
57367.17841641 19.921092837681822 0.024453311571924985 b'i'
57372.10401814 19.894219996919475 0.014877983158200435 b'i'
57385.06871931 19.900795610354653 0.014057218504536452 b'i'
57389.11347843 19.92093881310166 0.01731669329427632 b'i'
57396.1008563 19.946080071007405 0.01815902914780665 b'i'
57626.28094847 19.997615657239045 0.018887867468770025 b'i'
57633.26755178 19.988159749580745 0.016241211068159345 b'i'
57637.27621293 19.963093565539864 0.019153226623789266 b'i'
57643.26030669 19.989037004314948 0.02139281348490485 b'i'
57646.22071785 20.170522982873997 0.04714427248770647 b'i'
57653.30986139 19.968321770630542 0.018778064235721814 b'i'
57654.29532137 20.05617929111918 0.024405601174322555 b'i'
57657.38584181 20.01116354368122 0.015976027179441132 b'i'
57670.12624426 20.00975221933714 0.021627411075495928 b'i'
57684.11655625 19.993289285387615 0.027332338173291504 b'i'
57688.20885117 20.026763910624084 0.01458894460330422 b'i'
57690.22215363 20.02368981468224 0.025907353381501963 b'i'
57695.09688459 19.987081466991445 0.021282324171416178 b'i'
57702.09515427 20.083513712037984 0.022298953037786617 b'i'
57709.16408105 20.044244777987295 0.023739124904956554 b'i'
57714.24197371 20.002094503705155 0.025737964529987778 b'i'
57718.18359321 20.034364934053894 0.01647281955946056 b'i'
57723.08126534 20.00331226584354 0.0224907635318381 b'i'
57730.1046599 20.04881850564748 0.021308927540420797 b'i'
57739.17254835 19.98222110440177 0.021311000342194575 b'i'
57746.04780441 20.024729596474522 0.015108565994378154 b'i'
57750.12841312 19.987919301461048 0.017963969959172488 b'i'
57756.08245684 19.999009973587924 0.018746931194861816 b'i'
57770.05529668 20.018901999713897 0.01707160485271686 b'i'
57778.05236161 19.957568209198307 0.024256220197205636 b'i'
57782.05814151 19.954813275850462 0.01968972861308771 b'i'
57986.3050723 19.903437954313077 0.018463781746753227 b'i'
57991.27758768 19.99932836607652 0.05018532649694052 b'i'
57996.35829487 19.94808677403944 0.026125715486802648 b'i'
58010.23084315 19.90839352713741 0.01443877340442512 b'i'
58015.2371554 19.914847958626858 0.015028260456993792 b'i'
58021.28201914 19.902302263290387 0.01648021302716529 b'i'
58039.20487197 19.932628581456658 0.01485644265760655 b'i'
58044.3034687 19.932931689929394 0.016969975885494648 b'i'
58052.20846599 19.880531284508617 0.0161691725710007 b'i'
58057.19329816 19.880445544464564 0.017925590502642308 b'i'
58064.19324072 19.849578429113894 0.01910430536816321 b'i'
58071.18162976 19.845391411780707 0.01413057202823964 b'i'
58076.20224129 19.859592429687137 0.015202705906201429 b'i'
58079.17799904 19.84836150498857 0.021249656710089937 b'i'
58082.17791518 19.843049597016112 0.019632093449640564 b'i'
58092.06561406 19.898682601894713 0.02312088345805563 b'i'
58097.14482267 19.86672121432883 0.014373926298254958 b'i'
58102.05862748 19.845263964873784 0.015499796172914415 b'i'
58109.07417714 19.864821007684203 0.013223765351142447 b'i'
58113.09484769 19.89676025071802 0.014962653878558997 b'i'
58122.11860243 19.913405551431833 0.019467657877459743 b'i'
58129.09928786 19.883715296147823 0.019459554224440012 b'i'
58134.09332426 19.90078997588217 0.014674172519335116 b'i'
58372.29985219 19.855126695971983 0.016400757292188928 b'i'
58409.22970361 19.842689856311356 0.017695507197412752 b'i'
58431.17317026 19.80901464754714 0.01788070381192952 b'i'
58439.14825294 19.756419573187493 0.02221857523026216 b'i'
58453.15913274 19.78082669615646 0.0158148113634482 b'i'
