MJD_OBS MAG MAG_ERR BAND
56534.27255115 20.84899779896908 0.01211714286335208 b'g'
56538.32545702 20.902251395495064 0.01611812899379572 b'g'
56543.29564618 20.89560901774361 0.01628509863429528 b'g'
56545.38738911 20.88871395221943 0.019868688116581268 b'g'
56547.22620564 20.936547240646867 0.020860767468516173 b'g'
56563.21442903 20.88011567116874 0.01621967485404241 b'g'
56567.17108007 20.892566039182935 0.02020895214273466 b'g'
56575.14995317 20.852059590234795 0.01655330881581918 b'g'
56579.13918114 20.941174702399636 0.04132358232423172 b'g'
56590.29693141 20.95536924454239 0.05112091767401239 b'g'
56594.10471237 20.84159715205689 0.02126799446529759 b'g'
56602.07712309 20.901276970037884 0.01652750203268738 b'g'
56616.05929527 20.898642619400853 0.03478394591710554 b'g'
56627.0366392 20.9489470051044 0.018000982475268046 b'g'
56635.04039533 21.00772019120585 0.03501458513114386 b'g'
56645.04977026 21.003832545508384 0.03976156058317314 b'g'
56649.11827883 20.933811872394724 0.02072403566523562 b'g'
56653.09994662 20.866517706879986 0.023075937164961147 b'g'
56660.04722263 20.985957742244036 0.021532317232018983 b'g'
56675.04293128 21.041541741110095 0.043651784015978023 b'g'
56682.03895828 20.979975511165026 0.02891983500298778 b'g'
56687.03862333 20.95022130841917 0.030284342476782907 b'g'
56694.03192676 21.015909859021754 0.043776456306453326 b'g'
56890.32816862 20.9609072066062 0.018561303111031435 b'g'
56898.35807258 20.769626662815853 0.18666887140433985 b'g'
56903.38327382 20.912369429519586 0.024667111779969275 b'g'
56923.3153983 20.94550002944609 0.02561696215844833 b'g'
56927.28034363 20.971205734259236 0.022282840339205023 b'g'
56932.21748548 20.902718884443654 0.029332958150657618 b'g'
56949.22200373 20.93244084373497 0.24721537364284174 b'g'
56952.11774662 20.92986718544175 0.019678468148349282 b'g'
56959.10012355 20.948427321989154 0.02491518388622893 b'g'
56964.21531627 20.99152248950027 0.048047113560592436 b'g'
56973.18307285 20.914863567716523 0.027698720731969217 b'g'
56980.17867779 20.957242538488487 0.015695492634073105 b'g'
56987.17992482 20.92279756675117 0.016845309889330196 b'g'
56990.18052967 20.9374185303056 0.02883136349979054 b'g'
57001.14650543 21.00269453055859 0.057888391122489224 b'g'
57003.04268242 20.88107983546972 0.01724212154462279 b'g'
57011.07065625 20.90138138185666 0.01436001644624696 b'g'
57018.04292847 20.923140633153942 0.03625923870222181 b'g'
57029.06564567 20.998872543322253 0.04386493074948916 b'g'
57036.05068902 20.987136048073026 0.020771784133987836 b'g'
57042.07353677 20.943989514318673 0.0246445846138883 b'g'
57049.06518968 21.063681501485334 0.06300041739009998 b'g'
57248.38841221 20.58560200874656 0.024725464802497044 b'g'
57252.30287043 20.658403202573066 0.01814783844082868 b'g'
57265.2860869 20.799417619675545 0.07648800537913658 b'g'
57276.30981005 20.87564811483318 0.11672092947069146 b'g'
57277.30738532 20.65723585761406 0.017413014694334095 b'g'
57284.32380317 20.679997093134418 0.02082193633387064 b'g'
57299.21793666 20.69233907286193 0.04561071538625683 b'g'
57303.16618709 20.567560711963825 0.03534471183538557 b'g'
57304.20522842 20.703908160643152 0.020229314329981207 b'g'
57311.29366614 20.742947522360282 0.01696120531234513 b'g'
57315.20571904 20.754120388611526 0.023443833145886828 b'g'
57319.13208062 20.94119383472407 0.058795944777511266 b'g'
57329.16868387 20.736373367306136 0.015456495659456948 b'g'
57339.11740224 20.756995113859634 0.02043874280593272 b'g'
57345.22678645 20.79199042812749 0.019042591670171305 b'g'
57355.20998239 20.84455536551402 0.04372095434056078 b'g'
57365.10745005 20.82639554596207 0.014656085562737786 b'g'
57367.18116526 20.8359262524179 0.025988386881653724 b'g'
57372.0996086 20.80318799814679 0.02017310421797447 b'g'
57385.06428003 20.82749256224058 0.015767554216019164 b'g'
57389.10905096 20.847267153374155 0.018574906564431615 b'g'
57396.09640417 20.801401545563476 0.018390251243065592 b'g'
57428.05614653 20.840431213990907 0.02353687295984841 b'g'
57615.32213041 20.718730857083173 0.050873891322765985 b'g'
57626.276511 20.834160591130676 0.02240261570335278 b'g'
57633.26310456 20.789176863371733 0.01795456612605406 b'g'
57637.27178996 20.758649942418568 0.02135439744072798 b'g'
57643.317543515004 20.747968227094663 0.024480521824483507 b'g'
57644.36655101 20.726583454270134 0.04588442426313932 b'g'
57653.30543171 20.759026082830164 0.02966077902968678 b'g'
57656.23759219 20.65868593572254 0.01968754291642938 b'g'
57657.38141749 20.715101074719083 0.017922225578310247 b'g'
57663.30674646 20.618552622889364 0.015482106113097416 b'g'
57670.12177779 20.73451677027807 0.03476106177650706 b'g'
57681.17728317 20.735515641529723 0.04058431334431844 b'g'
57684.11212984 20.57687109571571 0.020879860768836522 b'g'
57688.15470256 20.611773084854313 0.014522034301144513 b'g'
57694.29613746 20.502109593053827 0.10962613915710762 b'g'
57695.09246022 20.555998369169618 0.021328440774773583 b'g'
57702.09070737 20.81740063408734 0.03826231688426063 b'g'
57709.15964611 20.835971101727687 0.052436898644227625 b'g'
57714.23755852 20.654727970580595 0.02027054945842366 b'g'
57718.17915362 20.664240629412284 0.01559938790578741 b'g'
57723.07683853 20.679392828644893 0.016843201343046843 b'g'
57730.10023237 20.688878217351117 0.03961477718138795 b'g'
57739.16813527 20.756358075201174 0.037461824757205164 b'g'
57746.04338473 20.723632224864083 0.01609459869299812 b'g'
57750.12396873 20.68618075727263 0.01865615106371621 b'g'
57756.0780291 20.646028143943553 0.019545083300386068 b'g'
57770.05084575 20.670223440996097 0.0165984898474818 b'g'
57778.04793592 20.69744394595931 0.02187674177239529 b'g'
57782.05371052 20.71641257254011 0.02310506091467701 b'g'
57986.30066655 20.76160072881375 0.018246240786321977 b'g'
57991.27315599 20.709590839586653 0.03976323165211326 b'g'
57996.35387954 20.7356601916431 0.03572041171065621 b'g'
58010.22641608 20.803567883383366 0.017990728105985454 b'g'
58015.23272915 20.73528790008234 0.023879004752828337 b'g'
58021.27758168 20.763344842142494 0.019759690548333708 b'g'
58039.20044799 20.788673567233587 0.015847825802367765 b'g'
58044.29905314 20.7519137571525 0.01790979976815521 b'g'
58052.20401874 20.7458201360353 0.018072801089168422 b'g'
58055.286353079995 20.728724716052653 0.014541871202217664 b'g'
58057.18888204 20.789043675531587 0.03967484014285105 b'g'
58064.18879986 20.860575091057854 0.04242443316409705 b'g'
58071.17719077 20.69680212765339 0.01485159932697755 b'g'
58076.19782221 20.656228151000906 0.01832790486752245 b'g'
58080.15103724 20.695437148138453 0.01985947922976195 b'g'
58082.17350415 20.660651926611635 0.01917163279463452 b'g'
58092.0612087 20.723239367200605 0.053558783655290654 b'g'
58097.14039579 20.679799979183027 0.015929348474337246 b'g'
58102.05419261 20.669465229643336 0.01666426298397994 b'g'
58109.06973417 20.61261322433923 0.012688364246159267 b'g'
58113.09041158 20.661040234015488 0.024396191959073832 b'g'
58122.1141673 20.67509473469601 0.040073811170454825 b'g'
58129.09484949 20.610506180697737 0.017540755134518804 b'g'
58134.08890847 20.635750993194243 0.015966176949369526 b'g'
58372.29640625 20.713994984043893 0.014403819710569365 b'g'
58401.33874871 20.67323957140985 0.11011952818243742 b'g'
58409.22622641 20.792107763203443 0.029223416526136248 b'g'
58431.16972839 20.717745437900238 0.015591936244550908 b'g'
58453.114290655 20.797595773672075 0.01098660712063631 b'g'
56534.27491539 20.637142356244308 0.013131285175828997 b'r'
56538.32782695 20.633959112852686 0.01778493042834839 b'r'
56543.29801255 20.632424990020485 0.020069163353127806 b'r'
56547.22856335 20.652162638480174 0.020861062155439924 b'r'
56563.21680791 20.622087168689006 0.017284301244494316 b'r'
56567.17345569 20.573796272616498 0.020454822914928172 b'r'
56575.15231323 20.58770609183643 0.01672870829435169 b'r'
56579.1415469 20.59188489599942 0.029716011114309993 b'r'
56590.29928636 20.620955872077253 0.04034070719745131 b'r'
56594.10707723 20.60525267827114 0.02336485290732071 b'r'
56602.07951107 20.605957031414377 0.01598787671505164 b'r'
56609.07128854 20.62914854840198 0.033943054472942435 b'r'
56627.0390147 20.680592750180313 0.01590511646181625 b'r'
56635.04275967 20.620482619532304 0.024283695811583073 b'r'
56645.05216995 20.722795736180313 0.030564948494475885 b'r'
56649.12064652 20.681984805379006 0.020781071572823606 b'r'
56653.10232488 20.6330325757655 0.02187174241244705 b'r'
56660.04957757 20.648101399979236 0.018915882380213134 b'r'
56667.09070261 20.595752743747397 0.05964465558518128 b'r'
56675.04530508 20.724083368925886 0.031232610488267195 b'r'
56682.04132571 20.65912170116283 0.026671568422020897 b'r'
56687.04099402 20.610257496525758 0.02373794148577346 b'r'
56694.03431907 20.554235359076234 0.033007520064796125 b'r'
56890.33051587 20.628099386163054 0.02015729901363983 b'r'
56903.38561995 20.62560053940148 0.030647899193148476 b'r'
56923.3177462 20.602323027971657 0.026722857882511164 b'r'
56924.31531033 20.738703183641682 0.021903682178621153 b'r'
56927.28270873 20.668704963196788 0.022420128774506054 b'r'
56932.21985709 20.717478979566685 0.02282762788878756 b'r'
56952.12009572 20.63108437418164 0.02039566311037433 b'r'
56957.10614385 20.569149283727075 0.03504934949383909 b'r'
56959.10247041 20.63147880492575 0.021761157020243616 b'r'
56964.21766839 20.702110383842435 0.03294481860151777 b'r'
56973.18543443 20.664473703913714 0.02172298171880982 b'r'
56980.18103397 20.660389483844313 0.017209304873791353 b'r'
56987.18226769 20.627440216077392 0.017525592931178835 b'r'
56990.18289717 20.632823863000112 0.03159387338189035 b'r'
57001.14885861 20.631289110224767 0.036765273168327894 b'r'
57003.04502921 20.637300671425397 0.01750154195806175 b'r'
57011.07302528 20.639469148249365 0.014586981217053818 b'r'
57018.04529278 20.61950591816396 0.034361597525123244 b'r'
57019.04456072 20.63594817171166 0.03622555677568329 b'r'
57029.0680166 20.679341087397262 0.04168747366025016 b'r'
57036.05305713 20.701001347590264 0.01854779015771868 b'r'
57042.0758959 20.689509618729005 0.023210203468991608 b'r'
57049.06755397 20.56216163854722 0.06129258036782659 b'r'
57248.39078037 20.363210055276035 0.026325498927938895 b'r'
57252.30522053 20.449203008623734 0.0202098229915606 b'r'
57256.2948093 20.413363996315066 0.0249562814484392 b'r'
57265.28845466 20.434448516105313 0.04566709620435461 b'r'
57276.31218181 20.457530581725095 0.031548858738577934 b'r'
57277.30973616 20.41569479517114 0.016645379785941827 b'r'
57284.32614567 20.453238152540862 0.023516477157556892 b'r'
57291.22427073 20.549669005036318 0.04611897521622055 b'r'
57299.22030249 20.565505046150346 0.04575697225529041 b'r'
57303.16855064 20.369593519839636 0.026233790148260994 b'r'
57304.20760232 20.449678287126254 0.01896350546861214 b'r'
57311.29601161 20.50077694615731 0.017507420233329185 b'r'
57315.20808064 20.456521418026828 0.025365159834716877 b'r'
57319.13443951 20.54379352951051 0.0377465967045012 b'r'
57329.17104264 20.518316485460186 0.01868406070969897 b'r'
57339.11975826 20.444187459850127 0.023808773751309076 b'r'
57345.22914577 20.489625983568715 0.021564361496192674 b'r'
57355.21230785 20.591459720757634 0.029617569540420163 b'r'
57365.10980652 20.546578775485504 0.013872531594341098 b'r'
57367.17978851 20.54994335828176 0.021723573694828247 b'r'
57372.10195191 20.54024728066633 0.018421758015062295 b'r'
57385.06664037 20.574195059556786 0.014857505835788487 b'r'
57389.11141607 20.52902793918862 0.017729282024092186 b'r'
57396.09878367 20.53077257892686 0.018335828020795475 b'r'
57626.27888769 20.568360173029248 0.02036933693911891 b'r'
57633.26547319 20.511753179906734 0.018183417371865573 b'r'
57637.27414823 20.56066216891411 0.021166189364180354 b'r'
57643.25822897 20.499641490882016 0.03360355811450688 b'r'
57644.36516854 20.578290482551118 0.05433679726088059 b'r'
57653.30779694 20.543421179322888 0.0230095280237812 b'r'
57655.28277013 20.54180799225542 0.02197606329487911 b'r'
57657.38378219 20.483065111939595 0.016276823794278528 b'r'
57663.30910343 20.432307515923526 0.01700872553665178 b'r'
57684.11448172 20.39596673672549 0.021035085704930623 b'r'
57688.15705937 20.388619548733523 0.015367116968619142 b'r'
57695.09481699 20.328507791516405 0.020804055226463447 b'r'
57702.0930785 20.435843401755307 0.024713095728429835 b'r'
57709.1620067 20.354329642015678 0.031413324202372195 b'r'
57714.23991427 20.376660531921893 0.019123108759909968 b'r'
57718.18151724 20.430387099690225 0.013672816503326857 b'r'
57723.07919533 20.410488082222592 0.01662562504120757 b'r'
57730.1025858 20.42182373996964 0.028686041382087524 b'r'
57739.17049014 20.415520692226 0.025159817328578526 b'r'
57746.04573466 20.445496783428965 0.013459972814146681 b'r'
57750.12633807 20.42233808425596 0.0173971362744183 b'r'
57756.08038386 20.392523099091107 0.01805177520548895 b'r'
57770.05322472 20.423643217818004 0.015294534469713739 b'r'
57778.05030147 20.446251053773207 0.02495471259445381 b'r'
57782.0560822 20.447571453369573 0.0212929847944352 b'r'
57986.303008 20.537241917963705 0.02017104517772239 b'r'
57991.27551803 20.543333005538916 0.04070671247793811 b'r'
57996.35623731 20.54157163428612 0.041329331975838095 b'r'
58010.22877104 20.55380541101306 0.017638987753066715 b'r'
58015.23508709 20.510921050373863 0.020283914226336464 b'r'
58021.27994285 20.49252627051648 0.025510101478076308 b'r'
58039.20280354 20.603182871391954 0.01818818564940372 b'r'
58044.30140543 20.540816496384437 0.02012626194285616 b'r'
58052.20639267 20.54504958380036 0.017880904610922954 b'r'
58055.28636532 20.451551269364963 0.01849220484751868 b'r'
58057.19123751 20.488345807970422 0.025913413020401066 b'r'
58064.19116807 20.384787892440936 0.0319432921718068 b'r'
58067.22122417 20.50715683224325 0.026289708474191542 b'r'
58071.17954965 20.445328496537208 0.015966676204026697 b'r'
58076.20017115 20.444436965919788 0.01699764393639569 b'r'
58082.17585903 20.464128468194737 0.020083066987247378 b'r'
58092.06355116 20.54048553772613 0.03991178689587826 b'r'
58097.1427453 20.449427233487484 0.01613183393982709 b'r'
58102.05655332 20.40007117320959 0.017430132027961065 b'r'
58109.07210065 20.42448606219543 0.013842655951929572 b'r'
58113.09277865 20.452353452416588 0.017349246043220745 b'r'
58122.11653925 20.32904000141949 0.026209660155551262 b'r'
58129.09721025 20.332268890130553 0.01735673505514157 b'r'
58134.09126918 20.38254034666698 0.015638592447388078 b'r'
58372.29812912 20.529661051677326 0.015133300680773233 b'r'
58401.33738152 20.559080738711447 0.11359725249253216 b'r'
58409.22795891 20.48969423517036 0.021806398788630332 b'r'
58431.17146038 20.457213139320473 0.01683348502793436 b'r'
58451.21031559 20.51007312374357 0.019954486792503445 b'r'
58453.15740825 20.52669019735853 0.014215237134404646 b'r'
56534.28759082 20.366072801826228 0.01973414950435881 b'i'
56538.32988669 20.38802351878911 0.02031768717834126 b'i'
56543.30009032 20.338117762931056 0.022948453295903448 b'i'
56547.23064042 20.41612218903125 0.021223951421838194 b'i'
56550.25074428 20.256204748687065 0.038795081226243866 b'i'
56563.21888135 20.393732746109983 0.018443297774016543 b'i'
56567.17554272 20.392811449878778 0.021559685947877938 b'i'
56575.15439532 20.355342085824272 0.018069587664982123 b'i'
56579.14362511 20.320385530718408 0.026954415859535175 b'i'
56590.30136956 20.32626650107501 0.028495839318704697 b'i'
56594.10915315 20.320059849128732 0.027834888402111346 b'i'
56602.08157659 20.365379192015634 0.01827747103321542 b'i'
56609.07338949 20.372612113612227 0.03054885696024812 b'i'
56627.04108444 20.41623752472223 0.016766018240424785 b'i'
56635.04486459 20.36946213816676 0.024203051299771516 b'i'
56645.05425054 20.36853302781342 0.023074372763975504 b'i'
56649.12273894 20.370895020938363 0.027951643792818004 b'i'
56653.10439718 20.359449486824293 0.02111839192458831 b'i'
56660.05166064 20.37461420822246 0.020173668495360175 b'i'
56667.09276401 20.442625899505305 0.04140281381408428 b'i'
56675.04737901 20.37788094975646 0.027111487486592978 b'i'
56682.04341177 20.395851072199264 0.024365501099115505 b'i'
56687.04305232 20.364844670171745 0.02366181523340316 b'i'
56694.03637159 20.25082687704994 0.029639366623165127 b'i'
56890.33257637 20.43532036903193 0.02444727785577072 b'i'
56903.3876786 20.373646917590257 0.048447414871791494 b'i'
56923.31982588 20.367515762137117 0.02532525461695201 b'i'
56927.28477319 20.38148781850066 0.022098912470930543 b'i'
56932.22191212 20.367876929845153 0.019808169529632384 b'i'
56933.32117125 20.378643166477218 0.03024023302873502 b'i'
56949.22640903 20.403013057853478 0.1835697239818117 b'i'
56952.1221554 20.409855312836196 0.02386511961945814 b'i'
56953.3122096 20.39754831835461 0.041130833666628064 b'i'
56957.10820318 20.297581671052644 0.03227010452597767 b'i'
56959.10454345 20.405085701795908 0.024564964587398208 b'i'
56964.21973556 20.427141914892143 0.03291869919350887 b'i'
56973.18750085 20.373457985671422 0.020054172382494073 b'i'
56980.18309052 20.40318740965002 0.020904366489176596 b'i'
56987.18432131 20.42835432424563 0.02121747367542426 b'i'
56990.18497199 20.351780303478748 0.056049916764816736 b'i'
57001.15091772 20.38168555930272 0.04457992163674618 b'i'
57003.04709966 20.35000104601374 0.019855784502627927 b'i'
57011.07507641 20.43951220574968 0.01833019765741284 b'i'
57018.04735314 20.37466869865023 0.027899888226606606 b'i'
57019.04662961 20.434502672582205 0.030514046085556856 b'i'
57029.07006275 20.438374147640133 0.03304149140591761 b'i'
57036.05512803 20.40015800595874 0.022059194562732642 b'i'
57042.07794813 20.485223054802614 0.0232711300504711 b'i'
57049.06961398 20.412179007348435 0.04218351786642671 b'i'
57248.39284514 20.098619826324615 0.028676443311592692 b'i'
57252.30727805 20.234578656766644 0.025274084331783797 b'i'
57256.29686649 20.17740809346738 0.025872993397424437 b'i'
57265.29050769 20.226629141069118 0.0335160137493844 b'i'
57276.31423819 20.197108377700747 0.019352099673408674 b'i'
57277.31178213 20.200439361551318 0.017788102494012747 b'i'
57284.32821704 20.226112081920036 0.021673347325368294 b'i'
57288.20063504 20.25449544107014 0.03128080714105863 b'i'
57291.22634561 20.290775391265655 0.03295886757193145 b'i'
57299.22237621 20.213538582994552 0.06640240649865703 b'i'
57303.17061631 20.233360136509212 0.027527647595157134 b'i'
57304.20966236 20.22792095581194 0.021143088297392865 b'i'
57311.29807479 20.223822429228953 0.015865542106951125 b'i'
57315.21014418 20.23856282155137 0.02442060218300668 b'i'
57319.13650664 20.233680738535913 0.03178754585053767 b'i'
57329.17310891 20.254622575824083 0.020545631747694415 b'i'
57339.12182711 20.226623766700982 0.025241800459387065 b'i'
57345.231214 20.280414504934775 0.02590376164672037 b'i'
57355.21438013 20.357580076144913 0.025909330995236957 b'i'
57365.11187659 20.30511931551194 0.015724537556149443 b'i'
57367.17841641 20.317959718075656 0.03329258125156542 b'i'
57372.10401814 20.318476008921827 0.01932841183055345 b'i'
57385.06871931 20.322336068860402 0.017949534919285526 b'i'
57389.11347843 20.296652083007533 0.02271184208321131 b'i'
57396.1008563 20.330297182045136 0.02234857551064806 b'i'
57626.28094847 20.338886522419756 0.021867984050974343 b'i'
57633.26755178 20.32953911274939 0.02016266779552467 b'i'
57637.27621293 20.265130397862574 0.023431995772295267 b'i'
57643.26030669 20.276850370149443 0.02544562687578278 b'i'
57646.22071785 20.26442770346243 0.06658271387809833 b'i'
57653.30986139 20.2772993991949 0.020049626312008684 b'i'
57654.29532137 20.280975458146386 0.025161889327677045 b'i'
57657.38584181 20.22685069535361 0.01762685285364185 b'i'
57663.31118535 20.272253880293654 0.018643097755205673 b'i'
57670.12624426 20.23528220702804 0.023445256868971143 b'i'
57684.11655625 20.138711785501357 0.026232763462221698 b'i'
57688.1591317 20.17516144047995 0.019221681769977295 b'i'
57695.09688459 20.146904600049574 0.02398236532571829 b'i'
57702.09515427 20.246473286048385 0.02177474345639041 b'i'
57709.16408105 20.222352831005157 0.02550423577072891 b'i'
57714.24197371 20.186130521377308 0.026238122674836717 b'i'
57718.18359321 20.196012509376523 0.01767128996729639 b'i'
57723.08126534 20.240159092565705 0.022072099953611257 b'i'
57730.1046599 20.2021890908803 0.0227165211617546 b'i'
57739.17254835 20.213909788426164 0.0228182820412286 b'i'
57746.04780441 20.25376556617301 0.01541123122678556 b'i'
57750.12841312 20.224550503587317 0.020986117604341104 b'i'
57756.08245684 20.18699250455446 0.021848474542164098 b'i'
57770.05529668 20.244494018662042 0.01754668258391945 b'i'
57778.05236161 20.22397358594649 0.028486165063799973 b'i'
57782.05814151 20.166623060779518 0.022484442921779646 b'i'
57986.3050723 20.334693850912817 0.0231755821832067 b'i'
57991.27758768 20.3662679382284 0.07986148419187346 b'i'
57996.35829487 20.412721682286666 0.03423641420217649 b'i'
58010.23084315 20.325208789083607 0.019319938600734332 b'i'
58014.39826032 20.328717514894677 0.031334611138390756 b'i'
58015.2371554 20.322326518631275 0.019327435287934236 b'i'
58021.28201914 20.348427512562736 0.022116800362180555 b'i'
58039.20487197 20.313087488181782 0.018616270073728458 b'i'
58044.3034687 20.31674532563171 0.021839373886557212 b'i'
58052.20846599 20.385023028437615 0.021273470593698107 b'i'
58057.19329816 20.35777913498319 0.02308286293401096 b'i'
58064.19324072 20.29728369971322 0.02423413160673249 b'i'
58071.18162976 20.254895993890525 0.01830576009187368 b'i'
58076.20224129 20.290202934275662 0.01982862953050102 b'i'
58079.17799904 20.381352880704174 0.027924746508890763 b'i'
58082.17791518 20.277352715810878 0.02477431859481527 b'i'
58092.06561406 20.331229834261947 0.0309372702715649 b'i'
58097.14482267 20.26864512706466 0.018274279052551634 b'i'
58102.05862748 20.24830275494001 0.0201307884685491 b'i'
58109.07417714 20.216277044339044 0.015525515886846364 b'i'
58113.09484769 20.265581529754535 0.01694837296428986 b'i'
58122.11860243 20.263215730447932 0.023554268554793367 b'i'
58129.09928786 20.26259899442575 0.023582795345909346 b'i'
58134.09332426 20.186463612874167 0.0172006448699058 b'i'
58372.29985219 20.274624236817125 0.02117339929123574 b'i'
58409.22970361 20.270898911348997 0.023850345947852958 b'i'
58431.17317026 20.312271376979425 0.025080486499582832 b'i'
58439.14825294 20.200625817606106 0.03535574594378943 b'i'
58453.15913274 20.35670149509045 0.022632625357569935 b'i'
