MJD_OBS MAG MAG_ERR BAND
56520.23586661 23.08312190393567 0.11608164190237602 b'g'
56534.18525725 22.838527971571448 0.059563190276616496 b'g'
56538.14720893 22.97868819317684 0.07365636448625068 b'g'
56543.10525006 23.092143183956804 0.13059850746358848 b'g'
56568.06428619 22.8998912081491 0.1184889378826881 b'g'
56579.01254427 23.0307470289983 0.17337303003513682 b'g'
56590.01104683 23.01607441662749 0.15994601714929857 b'g'
56615.06750618 23.05385339971 0.2054427437916111 b'g'
56625.14834621 22.968578201429864 0.07032920936381615 b'g'
56628.03376122 22.85980009431744 0.10650746640575548 b'g'
56635.08343196 22.885619007306254 0.20858399192092492 b'g'
56649.05071368 22.987695554778362 0.07070220685028517 b'g'
56656.04670394 22.998565148702436 0.09589422350865462 b'g'
56657.06464339 22.76447075040231 0.13184888666043904 b'g'
56687.05328793 22.866624365246558 0.17207534590236406 b'g'
56887.21096163 22.906697568153703 0.08381991675500444 b'g'
56891.37719244 22.67067164299215 0.08210025493224293 b'g'
56903.12027113 22.94970999349428 0.15985921627854796 b'g'
56920.07474222 23.020925504545573 0.08448507893832158 b'g'
56925.15799977 22.758437334585913 0.14304022022864515 b'g'
56930.12745888 22.80740806991372 0.10243487891224845 b'g'
56943.0180281 22.94020660145293 0.08959109216099392 b'g'
56949.02744613 22.98378199510832 0.09383803065381713 b'g'
56956.00811989 22.929925407775578 0.08685475073592741 b'g'
56960.17070443 22.95462369641645 0.09163231558229512 b'g'
56973.02078094 22.77685447754852 0.08481048617835896 b'g'
56980.03745484 22.929092976692903 0.06534923030551099 b'g'
56987.04146497 22.92684117712443 0.09296333278140168 b'g'
56992.04630187 22.72643097153982 0.18539238427631233 b'g'
57002.05011183 22.77482887968608 0.08314357959667618 b'g'
57011.055966 22.86784792785528 0.06642897763956412 b'g'
57017.07357348 22.904818853594033 0.08959826385502723 b'g'
57030.09057864 22.70021873099474 0.20862192920256462 b'g'
57037.07382623 22.656513843651098 0.08289751398066159 b'g'
57042.08816102 22.772763014132067 0.10901546279123053 b'g'
57049.0412664 23.00576191262512 0.22476655398965303 b'g'
57257.22494548 22.722714930770696 0.10006681929251116 b'g'
57273.31367063 22.855417515129275 0.07328435266198596 b'g'
57278.18539721 22.841953471125635 0.07173388765988165 b'g'
57283.12905579 22.73307897832626 0.17795281224498893 b'g'
57305.0640739 22.822588727219003 0.12968794478725343 b'g'
57315.16316551 22.967804535950698 0.1691607763993268 b'g'
57329.02847203 22.83539322250376 0.08210406653068247 b'g'
57334.22381795 22.784655873107116 0.08087250881045094 b'g'
57340.06342432 22.804753514577712 0.07524616730416511 b'g'
57342.02141611 22.73835363572875 0.11611947391528687 b'g'
57356.12013504 22.901782604011448 0.07808471294750063 b'g'
57366.03850317 22.787915828487844 0.09345852141818511 b'g'
57385.09248495 22.901230744489354 0.12767831252454442 b'g'
57389.05716546 22.745697223712625 0.1001343832828141 b'g'
57653.06771786 22.258609290914073 0.059119501164762056 b'g'
57657.20832835 22.288588302303285 0.047209432757867376 b'g'
57662.23899273 22.239223220064503 0.04242299101759528 b'g'
57666.03514384 22.278784683895452 0.05636862021919953 b'g'
57680.01620561 22.304591788221217 0.07339649933223669 b'g'
57681.01476208 22.432641260443553 0.10605013587168699 b'g'
57682.01626341 22.348777752739934 0.06386412153529264 b'g'
57686.02035913 22.2625782595023 0.053868360615503263 b'g'
57694.02475984 22.205815722605614 0.04013856604782973 b'g'
57701.03942335 22.37323769325844 0.09996482698762321 b'g'
57730.05256866 22.296013886817377 0.08978591922882018 b'g'
57747.05650762 22.18674060321933 0.03855965941239248 b'g'
57752.05907336 22.196287908782985 0.04541431266050111 b'g'
57760.0504428 22.47223663600372 0.1084946714099786 b'g'
57994.31635709 22.41937269603101 0.06538253874744981 b'g'
58007.09880819 22.424354377417288 0.08309689133090359 b'g'
58014.07756244 22.588930672165894 0.0572702579860902 b'g'
58021.0604333 22.763875806173196 0.15334065780903217 b'g'
58036.01892311 22.633257846795416 0.08108979741620814 b'g'
58040.03448104 22.419579070454525 0.07561998331119213 b'g'
58052.01860166 22.679739127978962 0.10222270351422935 b'g'
58057.02660307 22.552159699177324 0.19945499727440108 b'g'
58064.02727266 22.730851671739643 0.0660669061136403 b'g'
58071.0398529 22.64562838554251 0.06849046228403921 b'g'
58076.083396835005 22.564589789197605 0.05136534239826975 b'g'
58093.05357512 22.629820731237537 0.06285447650137144 b'g'
58099.14396657 22.711488158854017 0.15835077557530752 b'g'
58107.10007776 22.62062776275539 0.07244934541388659 b'g'
58124.0900377 22.630245892398722 0.06221815255124951 b'g'
58127.047925 22.666684444282794 0.10256087847805162 b'g'
58134.04137485 22.49402784511276 0.14949369041405447 b'g'
58372.26317869 22.66614828579179 0.07303753525782852 b'g'
58401.04783602 22.705375761091826 0.07085924538855082 b'g'
58431.10891515 22.60738578698206 0.06068973104583364 b'g'
58450.18019015 22.529105575509153 0.11061692361681708 b'g'
58452.14152377 22.52262180020641 0.060091872352742826 b'g'
56520.2382323 22.238310662533404 0.0831591066851267 b'r'
56534.18760258 22.150417352146142 0.0627006232615166 b'r'
56538.14958731 22.15674876442219 0.06079457340982941 b'r'
56543.10761578 22.124820587112982 0.1035375850796072 b'r'
56547.09653251 22.193412205906796 0.10662963011455062 b'r'
56563.05273058 22.06383287456284 0.07267763245974379 b'r'
56575.01669829 22.15129850239901 0.06929331725797994 b'r'
56594.01478026 22.1718075980125 0.08605926909879713 b'r'
56602.01560672 22.250922614547378 0.06983275711407444 b'r'
56609.02858898 22.172064873924594 0.12473525663941132 b'r'
56625.150719 22.23913444020384 0.06127411855194609 b'r'
56628.105044445 22.201834918463398 0.04981839447206125 b'r'
56635.08580689 22.23995321419202 0.12166201655026754 b'r'
56649.05310541 22.320650883210334 0.06345342830678646 b'r'
56656.04906289 22.21611506924966 0.06539006408966941 b'r'
56667.04792001 22.378069927026 0.10658323100704692 b'r'
56675.06008314 22.376355354180813 0.17668604244568087 b'r'
56687.0556362 22.243670579397758 0.09514247980091639 b'r'
56695.03331647 22.290311427565854 0.13841526624599965 b'r'
56887.21331552 22.02365225081037 0.05806069426569849 b'r'
56891.37955193 22.158978332983157 0.08594253270728203 b'r'
56912.09846051 22.143975240731358 0.13994366537220415 b'r'
56920.07710056 22.204594631055386 0.07014986804343692 b'r'
56925.16034257 22.20829603450664 0.07371431125635652 b'r'
56930.1298036 22.174954344173575 0.06483035777784707 b'r'
56943.02038615 22.277364540000303 0.08462117663626856 b'r'
56950.21464598 22.17017113463166 0.10874649383040236 b'r'
56956.01046727 22.235295415921176 0.07101611151799148 b'r'
56960.18170159 22.23711577823341 0.05872276605460871 b'r'
56973.02313508 22.182353283941396 0.07181847182689438 b'r'
56980.03980992 22.113761287482852 0.05872393741120163 b'r'
56987.04381069 22.32390254988832 0.07226455257388054 b'r'
56992.04864985 22.203683648263382 0.09344689602088607 b'r'
57002.0524659 22.160533425932442 0.05592953131725408 b'r'
57011.05832003 22.12009798455664 0.054953989448943474 b'r'
57017.07592319 22.036548230223026 0.0711406018456735 b'r'
57030.09293178 22.094661876123713 0.10805350603796526 b'r'
57042.09052688 22.14553631191852 0.09445513259650795 b'r'
57049.04362312 22.027801389218332 0.09635173732221958 b'r'
57252.21765271 22.04178172739782 0.06259712850341259 b'r'
57265.22527751 22.232457765529414 0.22832537824228538 b'r'
57273.31601594 22.121130057404944 0.07048251600765454 b'r'
57278.18775849 22.197341848539452 0.060415466680161956 b'r'
57283.13142492 21.963336175377247 0.1482137876564913 b'r'
57297.04546027 22.307552280911754 0.09729467927934365 b'r'
57301.04856768 22.146654685404098 0.19478752054431325 b'r'
57305.06642821 22.17151854745818 0.14885552845067807 b'r'
57311.02258595 22.163943494924066 0.11231566629675882 b'r'
57325.01187698 22.26292375599229 0.08227897567173059 b'r'
57329.03082074 22.10836079149 0.07860788806957686 b'r'
57334.22617088 22.220261184321053 0.07066117684936302 b'r'
57340.06579218 22.21945291047328 0.06901527066410651 b'r'
57342.0237807 22.09940591449679 0.08325567644660126 b'r'
57356.12249877 22.2458689422961 0.07564453956581474 b'r'
57366.0408607 22.250482989474023 0.06438436762708477 b'r'
57373.03794872 22.231667558085615 0.1405147737353012 b'r'
57385.09485162 22.306931609140257 0.07829244118238066 b'r'
57389.0595156 21.974402196810786 0.0738945280654626 b'r'
57396.04682922 22.057257074628442 0.09344603989266176 b'r'
57623.22389204 22.051705044982363 0.095979431115925 b'r'
57627.3656676 22.045284502863893 0.1627293833539767 b'r'
57629.22982135 22.00577006348486 0.04977879315296008 b'r'
57632.34075041 22.03372769108682 0.07306920063771827 b'r'
57633.22730846 21.88739254666931 0.06234609720104344 b'r'
57641.09204375 21.74628822079641 0.1045145557298639 b'r'
57653.07007664 21.805326987210485 0.051485010838309364 b'r'
57657.21069054 21.85903402746103 0.04977675515970503 b'r'
57662.24134961 21.896326841579544 0.044239433299434694 b'r'
57666.03749751 21.769427117782453 0.052321579447230704 b'r'
57671.00975832 21.941677520981717 0.07281683982729348 b'r'
57680.01855455 21.856713313766967 0.0985070781843369 b'r'
57681.01707404 22.04686059050855 0.08403543124233082 b'r'
57682.01864054 21.825107294690834 0.0712405591729599 b'r'
57694.02712314 21.743690958511397 0.046317031958302834 b'r'
57701.04178034 21.85393954935714 0.07566312287318411 b'r'
57708.06540656 21.857854676623365 0.08831822056867011 b'r'
57718.04408315 21.67134634891841 0.05200276373742696 b'r'
57719.04766241 21.670274164257677 0.03803133413441273 b'r'
57730.05492999 21.875030377900732 0.09436497181505032 b'r'
57747.05885698 21.739891787200595 0.03803260885598547 b'r'
57752.06143894 21.755989366369835 0.05031818067842053 b'r'
57760.05279916 21.733705970601438 0.0717717806283602 b'r'
57773.04874925 21.720351312620036 0.04646543522451907 b'r'
57781.03923452 21.783923094814245 0.07741826321579737 b'r'
57981.21907527 22.01516191038701 0.11822942220914 b'r'
57985.2405862 21.82251468125655 0.049728462558800146 b'r'
57990.24649597 21.91045982507133 0.04747272565571947 b'r'
57994.31870662 21.85837156943319 0.06147712157137164 b'r'
58007.10116755 21.82096418871307 0.06585877913411764 b'r'
58014.07992524 22.008583614532526 0.055721827565974984 b'r'
58021.06279828 22.110428992852633 0.1381454865376348 b'r'
58036.0212698 21.906952765540197 0.07555097537193944 b'r'
58040.03683264 21.88930737688357 0.07317706893227438 b'r'
58045.01814647 22.129514315518186 0.08999570656764178 b'r'
58057.02896301 21.78830899732264 0.11491481003567472 b'r'
58064.02961975 22.065417697093476 0.05846169563541182 b'r'
58071.04222343 22.041214018723963 0.053942191499682934 b'r'
58076.083208835 22.01138083327058 0.05707095163904029 b'r'
58081.11740517 21.975968929713215 0.059048988925180616 b'r'
58085.11199626 22.072877726137108 0.1414190509526172 b'r'
58093.05593304 22.00964148326714 0.060357159095108415 b'r'
58107.10245102 22.04527148908405 0.054639755254278555 b'r'
58117.05926385 22.07439624343776 0.1468587326642421 b'r'
58124.09239515 22.059523103697778 0.0533184999231473 b'r'
58127.05029141 21.94215826735928 0.05918841720713175 b'r'
58134.04372602 22.15470145243763 0.08012937307033141 b'r'
58372.26489375 21.848334909001082 0.06355201666347199 b'r'
58401.04958389 22.07067003606156 0.07145718327822692 b'r'
58431.11063505 22.008731253294933 0.0548481307147064 b'r'
58450.18190855 22.234701644300493 0.07553385706627935 b'r'
58452.14014851 22.067502901124122 0.06043936240625314 b'r'
56520.24030989 21.295352779033326 0.04399065764560106 b'i'
56534.18967117 21.143527485298925 0.03827609673699328 b'i'
56538.15165428 21.112007709437286 0.03971582238317595 b'i'
56543.10969791 21.263422585755034 0.06593664812008626 b'i'
56547.09860424 21.32984065705225 0.055156065725597614 b'i'
56551.08185994 21.238857298980655 0.11092576532245246 b'i'
56563.0548115 21.271172679154198 0.04824498577324121 b'i'
56575.01876246 21.18527665850135 0.04358292593396129 b'i'
56579.01698275 21.210363305637376 0.06129515545072906 b'i'
56594.0168534 21.21507864281825 0.04906440447764737 b'i'
56602.01768224 21.322276479939624 0.0478119651040636 b'i'
56609.03065949 21.249563517434254 0.053275470333986163 b'i'
56615.07198343 21.29990524779832 0.057256270455923186 b'i'
56625.15281594 21.13595946461473 0.040871082647093715 b'i'
56628.03823398 21.24556417308373 0.044060166975814496 b'i'
56635.08787682 21.242051970700814 0.05714736058785874 b'i'
56642.0456688 21.27718734926625 0.11898505356921873 b'i'
56645.11198444 21.279841345733555 0.07088721666510622 b'i'
56649.05518252 21.230456503682994 0.04292395816573347 b'i'
56656.074415715004 21.364772467122943 0.036813950302901334 b'i'
56657.06326237 21.231066395823262 0.07416175165662153 b'i'
56667.04998901 21.150259066731845 0.07751183006085327 b'i'
56675.06216084 21.282447061123833 0.07057717162982158 b'i'
56682.05786435 21.10831985099657 0.0515396476512322 b'i'
56687.05772012 21.283854500847827 0.06865981029713453 b'i'
56695.03541671 21.310847416778188 0.08009183118100793 b'i'
56887.21538014 21.294492907009314 0.03930747826279202 b'i'
56891.38162205 21.144485800951635 0.05372164411690861 b'i'
56903.12467968 21.0791770316211 0.08791699366896921 b'i'
56912.10052287 21.23001290807663 0.05983658977033457 b'i'
56920.07916962 21.26131681865133 0.05121102224121543 b'i'
56925.16239904 21.23804166616396 0.04218086712913305 b'i'
56930.13187726 21.16966123684316 0.04125924104483758 b'i'
56943.02246494 21.25927902502227 0.05333503363772962 b'i'
56949.03184933 21.19453316828974 0.04431274053584744 b'i'
56950.21601355 21.26358150680535 0.07262897538374347 b'i'
56956.01253673 21.204997637949376 0.04788146614474442 b'i'
56960.17510419 21.248246392014465 0.04998617674871042 b'i'
56973.02520316 21.240821687065026 0.04095744578266646 b'i'
56980.0418671 21.202357648380527 0.044053160152074604 b'i'
56987.04586573 21.261842081425293 0.046642095984474 b'i'
56992.05070299 21.1876625690628 0.06359466711523964 b'i'
57002.05452925 21.311812504129236 0.04271081823722867 b'i'
57011.06038809 21.153183193113676 0.043128259182573465 b'i'
57017.07798067 21.195010799192048 0.05174763022719375 b'i'
57025.06146631 21.214622059727866 0.06356147093531916 b'i'
57030.0949955 21.292516406782532 0.05848357229995926 b'i'
57037.07822341 21.249679709320628 0.04938716761217421 b'i'
57042.09258269 21.237980556769134 0.05157230855647654 b'i'
57049.04567932 21.18160423173609 0.06396367820348914 b'i'
57235.18171192 21.423132039017418 0.09675787394393254 b'i'
57252.21972044 21.191880331743782 0.050057085656504796 b'i'
57257.22934506 21.213043993173027 0.07140504778653423 b'i'
57265.22734223 21.328020825145636 0.06803191547697551 b'i'
57273.3180809 21.28204299287035 0.03776513142542015 b'i'
57278.18983727 21.288328427142062 0.038491337454544805 b'i'
57283.13348839 21.25830678215763 0.0850343641472513 b'i'
57287.07376989 21.192851988078427 0.06822691127948843 b'i'
57291.0832247 21.464695325390664 0.0837285716217373 b'i'
57297.04751964 21.189014159023852 0.0760097628094627 b'i'
57301.05062927 21.371682074719843 0.1417771079191965 b'i'
57305.06849263 21.198284959584555 0.11237462894300165 b'i'
57311.02464546 21.188066338548744 0.062358377054348324 b'i'
57315.16760903 21.37426508945633 0.07867539508414012 b'i'
57325.01394385 21.18453238688859 0.06054529141112752 b'i'
57329.03289402 21.250361573606735 0.05249493520210535 b'i'
57334.22824225 21.249065434095243 0.049289322848579786 b'i'
57340.0678575 21.279608758066292 0.05389053149386669 b'i'
57342.0258467 21.413275556650728 0.16095371020395177 b'i'
57347.08084908 21.132456359112958 0.05701259758304644 b'i'
57356.12457718 21.200631320102953 0.04295547207879835 b'i'
57366.04292527 21.20671920269411 0.04361783785254403 b'i'
57373.04001333 21.3772170606832 0.06273396092038652 b'i'
57385.09691707 21.27263304774051 0.05490421244749655 b'i'
57389.06158309 21.257960702238456 0.05710711413069092 b'i'
57396.04888738 21.215234253076176 0.06012921669826099 b'i'
57403.04908065 21.23323468639507 0.052791215363750865 b'i'
57614.21212216 21.175358084702363 0.06354533440010712 b'i'
57623.22594473 21.208405484602075 0.042769785152270146 b'i'
57627.36772959 21.034476530220395 0.14949715657029472 b'i'
57629.23188798 21.170154881439498 0.033961296406726404 b'i'
57632.33937573 21.204725243924912 0.05621122813929702 b'i'
57633.22938217 21.23858287823301 0.03905212214693066 b'i'
57637.22154768 21.201054336195742 0.05029687307221309 b'i'
57641.09414254 21.146839812705256 0.08073980968833538 b'i'
57642.10538322 21.18323849323522 0.05674501585273006 b'i'
57645.09166414 21.05351147047265 0.08950951276317198 b'i'
57653.07213532 21.016366665982325 0.04190729267538629 b'i'
57657.21275945 21.08494108559413 0.049515555027763725 b'i'
57662.2434126 21.046166915534393 0.036355159201079346 b'i'
57666.03956847 21.13197674046524 0.05290394276756771 b'i'
57671.01181647 21.081055767474815 0.05089106557773704 b'i'
57680.02061687 21.049713842840944 0.07996993869059565 b'i'
57681.01912842 21.068470079446044 0.06070303456568382 b'i'
57682.02068858 20.895277986113797 0.06934763790920684 b'i'
57686.0247768 21.23114965126171 0.0619688954779285 b'i'
57694.02918845 21.03572578828085 0.0389561166530612 b'i'
57701.0438402 21.065477440282624 0.050784559586745104 b'i'
57708.06746593 21.0150415607254 0.05868446708116437 b'i'
57714.06133425 21.03641862343224 0.034095264742973086 b'i'
57718.0461469 20.943689427087193 0.04392699655772958 b'i'
57719.04972782 20.991773086414415 0.03732263366944366 b'i'
57723.13401308 20.98233280310685 0.0550062992590874 b'i'
57730.05698994 21.0183001468819 0.04962849678906167 b'i'
57740.06139349 21.03165374759783 0.029740281704924598 b'i'
57747.06092039 20.99228359293739 0.034119626848085005 b'i'
57752.06351042 21.070964226308774 0.03973072535022837 b'i'
57760.05486128 21.030443113138766 0.06638637355149513 b'i'
57773.05082212 21.06036722748418 0.04096844808400135 b'i'
57781.04130458 21.01671386659318 0.053578080407145734 b'i'
57981.22112824 21.19927367042198 0.12194599263145633 b'i'
57985.24265882 21.161908064062192 0.03461569298457334 b'i'
57990.24855485 21.114470246703593 0.03480587786637912 b'i'
57994.32077826 21.240751700937153 0.05168059609997755 b'i'
57998.12894039 21.302990902625396 0.059422089739427975 b'i'
58007.10322993 21.227717367037425 0.04868662450425276 b'i'
58014.08198194 21.21042527400526 0.047366811110343576 b'i'
58021.06486074 21.296120545809913 0.06775458450940164 b'i'
58036.02333656 21.240591667636586 0.05566140386061136 b'i'
58040.03890371 21.19437611426602 0.06251963938809624 b'i'
58052.02304428 21.237256070538646 0.048315991289378246 b'i'
58057.03103024 21.10787609157619 0.06391131606511635 b'i'
58064.03168229 21.178912661499716 0.04332822561236327 b'i'
58071.04428107 21.2660499918526 0.040177419227113376 b'i'
58076.084931335005 21.20939351693424 0.036771277485138226 b'i'
58081.11946339 21.16700597074926 0.04497011127905992 b'i'
58085.11407243 21.17961678814117 0.06378500923581498 b'i'
58093.05799953 21.199528336513325 0.040764766642624295 b'i'
58099.14839774 21.313244895996796 0.08630195633310223 b'i'
58107.10453641 21.103649720214513 0.03815648862890697 b'i'
58117.06133372 21.36434294407217 0.0687931845514953 b'i'
58124.09446162 21.221634702990716 0.039702775586018646 b'i'
58127.05235415 21.20451075334658 0.04615802725395213 b'i'
58134.04579981 21.163231769694303 0.049280730700601794 b'i'
58372.26661119 21.140962715472796 0.04775407239615248 b'i'
58401.05130673 21.10442566727916 0.056559189327430204 b'i'
58431.11235692 21.224949139540634 0.047702314587294126 b'i'
58437.16561746 21.236455817030272 0.06323631127852636 b'i'
58450.18362564 21.22725747509192 0.06237953077684821 b'i'
