MJD_OBS MAG MAG_ERR BAND
56520.203493605004 22.7860989531882 0.09734908946241932 b'g'
56534.15430651 22.841315520692525 0.05722608230947657 b'g'
56538.16077142 22.679024983576525 0.0612386668056395 b'g'
56547.08055237 22.73469488195184 0.1606272502535333 b'g'
56558.05170611 22.838933860586668 0.09087572494957996 b'g'
56563.03684392 22.65108982796181 0.08288737498982357 b'g'
56575.02788286 22.642703444191845 0.08080045355697862 b'g'
56592.07190043 22.678641552289985 0.10314148035178405 b'g'
56594.02594675 22.77503931673895 0.06281182119808548 b'g'
56602.02672743 22.732595064410805 0.07298052630660123 b'g'
56609.03981333 22.65978892182922 0.17363660476721776 b'g'
56628.0473868 22.805513962647836 0.07040220068866176 b'g'
56633.15449987 22.773283127225724 0.09257225790385704 b'g'
56635.09704896 22.608230591790107 0.14052231025575068 b'g'
56667.05917723 22.61574472788289 0.17873696167591646 b'g'
56690.05057089 22.6029108670851 0.0926139824278458 b'g'
56885.20944459 22.62354451508901 0.14955494356104992 b'g'
56920.06125334 22.65190635779662 0.06806252599592 b'g'
56930.1139305 22.500058677571225 0.10208166422355092 b'g'
56957.00544218 22.382824479010953 0.09706017214351448 b'g'
56980.02388511 22.66590970679827 0.06301981211240815 b'g'
56987.02812471 22.517527368649652 0.06627192143940874 b'g'
56992.03268902 22.320913837361662 0.1266872734583906 b'g'
57011.04245938 22.69069138497931 0.06868378465102865 b'g'
57016.10451927 22.635279653310164 0.06251550555133889 b'g'
57030.04381385 22.70115063767662 0.12840778762636162 b'g'
57037.06028836 22.660674317223645 0.0646535144781275 b'g'
57273.09339648 22.63058033127892 0.10147574971329831 b'g'
57297.02967291 22.453195990913954 0.09596510868235697 b'g'
57301.03271813 22.606703441295952 0.1713825267137814 b'g'
57315.14967559 22.499869839898405 0.1058874382657109 b'g'
57325.02305454 22.494011969760855 0.060274920767426465 b'g'
57329.01499187 22.443926433009054 0.07398125732871108 b'g'
57339.01859335 22.395862428193798 0.1044556615553951 b'g'
57344.03399547 22.582891205613354 0.3521151729773955 b'g'
57365.03621469 22.415059245304857 0.08477711772103193 b'g'
57371.04870737 22.541484195998745 0.06620099818015746 b'g'
57386.04190673 22.68318835366776 0.09286795534584513 b'g'
57407.04154111 22.530830019512315 0.1394318170690525 b'g'
57653.05430845 22.764752971931816 0.07633164330964703 b'g'
57666.02168094 22.923713516630517 0.12736287892292353 b'g'
57690.10977178 22.95310974881279 0.11636205763019447 b'g'
57694.01142875 22.820728649506876 0.11586244677074475 b'g'
57701.02602829 22.696098581434676 0.20069212809366377 b'g'
57708.04966011 22.696090608501514 0.1832294237305021 b'g'
57718.02830773 23.0219082343434 0.1588415292745644 b'g'
57719.02905755 22.93070170886374 0.14654851835211602 b'g'
57780.03702073 22.691624594454872 0.1826597202262974 b'g'
57998.11100302 21.698815718538693 0.13116742753774346 b'g'
58021.04702478 22.02635925222912 0.1114951279396621 b'g'
58025.03810264 21.948277291282885 0.14641384560903958 b'g'
58036.00552352 22.092680794624073 0.06007442396629515 b'g'
58039.99921291 22.000508698783314 0.06904745244456834 b'g'
58052.00521601 21.969769965572674 0.08155840105740708 b'g'
58072.20310951 22.020780435743344 0.05286578088221816 b'g'
58081.04408819 21.87420537656717 0.04814117316427868 b'g'
58117.04341262 21.715538466096547 0.14155787377403684 b'g'
58125.04535833 22.0000693618709 0.055519282811395954 b'g'
58372.25688484 22.931195053255703 0.06990178354211807 b'g'
58401.0416046 22.891590509614794 0.09852338840901709 b'g'
58431.10267996 22.784789268097125 0.0787046125994948 b'g'
58450.17129877 22.696658428296463 0.08388910264127386 b'g'
56520.20652821 22.745804441597354 0.06145219573312833 b'r'
56534.15666855 22.744956119377914 0.07716648963738493 b'r'
56538.16313827 22.868497950280986 0.09421310522378334 b'r'
56543.09408201 22.795545248638074 0.10439136145349792 b'r'
56547.0829288 22.751081150359852 0.15579847076670106 b'r'
56558.05410251 22.69307739190608 0.11685084100694 b'r'
56563.03920793 22.589406597287358 0.09576000649272487 b'r'
56575.03026888 22.574140110340117 0.0860431075455601 b'r'
56594.02831298 22.82045876571629 0.09387284456423117 b'r'
56602.0290795 22.75970435822666 0.07907179895725847 b'r'
56609.04218451 22.51288907828736 0.11372546537724659 b'r'
56625.16434433 22.728293803451166 0.07948363093781552 b'r'
56633.15725166 22.76849033934139 0.15317082727118247 b'r'
56635.09941383 22.63471818575721 0.13737717540417194 b'r'
56650.05106403 22.739492723951166 0.09187310396769277 b'r'
56656.09494046 22.59929224209769 0.0978027128491803 b'r'
56682.06916324 22.735055997811852 0.11566946168142422 b'r'
56690.05295678 22.60889936113191 0.09343903029113321 b'r'
56697.05356411 22.548334363558304 0.15091365221184105 b'r'
56877.18135858 22.67401321799422 0.20691912590987727 b'r'
56890.22008576 22.68180801253688 0.08014305256581267 b'r'
56903.10905384 22.779506491011862 0.17000377470559158 b'r'
56920.06360115 22.80313650132714 0.09270339828853835 b'r'
56924.14369764 22.642301982782634 0.0767369570080838 b'r'
56930.11627241 22.593851202108723 0.08900280760340706 b'r'
56943.00702583 22.755233461252104 0.15658760737923672 b'r'
56949.01645518 22.889218924606293 0.15066364321491577 b'r'
56953.03308055 22.686344992741404 0.10852404402821847 b'r'
56973.11598843 22.654978242377492 0.06493350929539687 b'r'
56980.02623811 22.557303206589765 0.0689435106857097 b'r'
56987.03048498 22.67094407394397 0.07677131233787904 b'r'
57002.0389486 22.727583838620486 0.08169920454187363 b'r'
57011.04481752 22.799211378449893 0.07770411519036458 b'r'
57016.1068791 22.660600658336833 0.07668681873077432 b'r'
57030.04615987 22.68761097849329 0.11124992571588878 b'r'
57037.06264668 22.686861143087462 0.1114178578227758 b'r'
57044.04663551 22.531607770727604 0.12860451270948658 b'r'
57051.0384225 22.736977772476084 0.14457691162918707 b'r'
57248.40561443 22.672087337571508 0.14899090730249753 b'r'
57277.08623749 22.789716047864594 0.09661749888000415 b'r'
57283.0937159 22.54440873274316 0.3263807539028214 b'r'
57301.03508139 22.557678722517867 0.2059297834509053 b'r'
57305.05292173 22.5631174120496 0.10339167309385644 b'r'
57311.00912202 22.49034947860393 0.09210565278996086 b'r'
57325.02541524 22.53292613141194 0.0742708282030975 b'r'
57329.017355 22.42327299029616 0.09717149894236243 b'r'
57334.19015139 22.638716345185895 0.08169245475849252 b'r'
57339.02094186 22.44738585783756 0.12203805540799095 b'r'
57344.03637441 22.51309418876709 0.11624371463008389 b'r'
57355.14419479 22.503991070781424 0.11607778104094989 b'r'
57365.03858339 22.689415829442602 0.08306712040753439 b'r'
57371.0510501 22.695065391377923 0.07944022223126268 b'r'
57376.04214082 22.724954976570494 0.14875313642392385 b'r'
57379.04607049 22.53330928221296 0.16011336306900859 b'r'
57386.04427077 22.67747257454407 0.09441857429176892 b'r'
57394.05901724 22.608740198718245 0.0856333537226277 b'r'
57407.04390453 22.49541623722147 0.16376064538189183 b'r'
57623.21045676 22.6355087083736 0.10276591324301876 b'r'
57629.20549126 22.651045598219362 0.0675753267331487 b'r'
57637.20604259 22.721691351810325 0.15305324988138835 b'r'
57638.09640335 22.65637233132009 0.18843398764606434 b'r'
57642.1439925 22.876897075370096 0.16154499223074836 b'r'
57653.05665721 22.68265708170736 0.09323818487211355 b'r'
57657.19731645 22.814213713079898 0.09232984561410973 b'r'
57661.06804847 22.841879294394328 0.08757905446565672 b'r'
57666.02402363 22.755148873847773 0.10938617632310965 b'r'
57681.00371962 22.84897304509595 0.2609907857419955 b'r'
57694.01378404 22.81726915403917 0.11342762385549321 b'r'
57701.02837474 22.739487998907478 0.12708553120105037 b'r'
57719.03141634 22.967817845298825 0.1421508209400386 b'r'
57723.11851357 22.733024895924657 0.11779009136349927 b'r'
57740.04591976 22.89307272017658 0.08395673958279204 b'r'
57747.04551826 22.95513483443031 0.10169654312975496 b'r'
57759.06571087 22.792524073205023 0.1419177018818658 b'r'
57772.04193503 22.82415301584029 0.16656503272678336 b'r'
57780.03938355 22.619620228268733 0.19160549100456947 b'r'
57985.21621369 22.311227330883916 0.056302277449351124 b'r'
57986.27960751 22.396928078765683 0.08518424506615219 b'r'
57990.23304426 22.286501133591845 0.057508434507756334 b'r'
57994.30533397 22.141896798923607 0.06668719067443263 b'r'
57998.11336658 22.07504579693587 0.1362159365696769 b'r'
58007.08765134 22.372109978819275 0.08051556253631276 b'r'
58014.06646113 22.31180123821024 0.06217058066626891 b'r'
58021.0493892 22.139868529582255 0.14690173930952 b'r'
58036.00788302 22.180059390793353 0.06989941694284241 b'r'
58040.00157098 22.366733440782692 0.0842030310534767 b'r'
58045.21477022 22.26047480853982 0.09307358004141975 b'r'
58052.00758442 22.121157729861757 0.07086747473879385 b'r'
58057.01550232 22.22486024824849 0.10024951556009398 b'r'
58064.01620265 22.153721644724378 0.06820809345510526 b'r'
58071.02873837 22.12439504944586 0.055872754955910146 b'r'
58072.20172425 22.26805490177427 0.06967685773727794 b'r'
58076.04700718 22.03685229938751 0.0559101371494819 b'r'
58085.09856368 22.21822606330861 0.15839370025670618 b'r'
58086.04945196 22.057382370140225 0.09921598560396205 b'r'
58093.11913063 22.066084208088235 0.0953542846882165 b'r'
58099.10273903 22.035219152086633 0.056430450683684796 b'r'
58107.08894513 22.01398054125584 0.04673732502768857 b'r'
58117.04578354 22.11512524241965 0.0969303810887503 b'r'
58133.04964024 22.094417904192966 0.06423308017423324 b'r'
58372.2586109 22.877608920343746 0.0898775979195463 b'r'
58401.0433159 22.855587861242824 0.12407786430051715 b'r'
56520.22679833 22.657966401185604 0.09712877010122511 b'i'
56534.15873208 22.459226107043747 0.08448534135913377 b'i'
56538.16522594 22.55624054468126 0.08777843662820217 b'i'
56547.08500347 22.414150966244573 0.1003556877313656 b'i'
56551.264264 22.548865881000587 0.2022881159651604 b'i'
56558.05617123 22.482101615219733 0.09970538823473873 b'i'
56563.04128013 22.47587462837089 0.13331782872097264 b'i'
56575.03233985 22.4681275803393 0.09880709524175657 b'i'
56579.00342381 22.389266836148302 0.1296632988734956 b'i'
56594.03040489 22.567948052353834 0.10364942603710858 b'i'
56602.03115507 22.50259340433937 0.09454587641943135 b'i'
56609.04423997 22.420625991430157 0.14089718449723065 b'i'
56625.16640531 22.32141910959637 0.10340292138560869 b'i'
56628.05183358 22.663101280312866 0.09774155511009397 b'i'
56633.15862435 22.556855202530535 0.19168423303947435 b'i'
56635.1014805 22.300027056324012 0.11869591724676454 b'i'
56650.0531507 22.527998788138213 0.09086353823352766 b'i'
56656.09630576 22.47446108019284 0.14337061717979083 b'i'
56657.04954368 22.474765821211463 0.14325426790630758 b'i'
56659.0725509 22.509021889415443 0.12356447942265449 b'i'
56667.06363847 22.46718589646372 0.11511491641154592 b'i'
56675.07572608 22.350704938560842 0.19819898547380532 b'i'
56690.05504417 22.388584536946695 0.11547281256751418 b'i'
56697.05563522 22.356837453838153 0.12487286242616236 b'i'
56877.18342539 22.596905685586357 0.1769220723510898 b'i'
56885.21387768 22.489296330309706 0.09252819464471074 b'i'
56890.22213917 22.671384035347003 0.09433612392783886 b'i'
56903.11111936 22.612757006071828 0.14695861835026136 b'i'
56912.08703267 22.31541494431043 0.15223003392531353 b'i'
56924.14576928 22.505801044472744 0.0825282094589852 b'i'
56930.11834274 22.334581535521654 0.10173461240345105 b'i'
56949.0185116 22.620985724876476 0.10599094772036466 b'i'
56953.03817548 22.549738292117564 0.10495779550662476 b'i'
56961.01334605 22.55346078249612 0.12977671506991229 b'i'
56973.11804811 22.408073692190467 0.0708640513360379 b'i'
56980.02830645 22.391811414559825 0.07716193176432995 b'i'
56987.03255043 22.49651329186795 0.0901534497492733 b'i'
56992.03711958 22.63265051202542 0.1132915709145621 b'i'
57002.04101244 22.479765402736408 0.08631501469663405 b'i'
57011.04687327 22.54679641747476 0.07879071012611405 b'i'
57016.10895123 22.532211369460445 0.09705706536554004 b'i'
57025.04788888 22.369721985464736 0.12107453840945227 b'i'
57030.04822133 22.422069452436432 0.11186313324891373 b'i'
57037.06471922 22.540966519000374 0.10060641254923297 b'i'
57044.04868832 22.327940367276888 0.09365027327051578 b'i'
57051.04048593 22.581118821268014 0.12904119635440026 b'i'
57235.19521893 22.248421402862412 0.21191807807633012 b'i'
57248.40767077 22.320305869383233 0.17022898795449137 b'i'
57273.09780788 22.54074030500723 0.15598660241905193 b'i'
57305.05497357 22.25472607771611 0.14445642916858148 b'i'
57311.01117828 22.335623087639853 0.09973783166342542 b'i'
57315.1541043 22.5509291152169 0.12060909426022447 b'i'
57329.01941609 22.46983141770442 0.0994729882672516 b'i'
57334.19221336 22.268998962917053 0.06383584542291842 b'i'
57339.02299419 22.32281280134365 0.09148356374282685 b'i'
57344.03843107 22.29337204361713 0.08609737800505356 b'i'
57355.14626723 22.251986826836635 0.10387706073215952 b'i'
57365.04063888 22.294916109573094 0.07947479429984483 b'i'
57372.03558751 22.228190237740364 0.09524633978360342 b'i'
57376.04419778 22.441291461393597 0.17183207357021502 b'i'
57379.04813306 22.450646817859138 0.12043924301006115 b'i'
57386.04633257 22.182168971905227 0.1121896879622497 b'i'
57394.06107899 22.352712510960494 0.090538673490272 b'i'
57400.10517783 22.41059089885041 0.11406855584898423 b'i'
57407.04597683 22.235920622872797 0.10680129420845219 b'i'
57623.21252391 22.444920778085418 0.09213963989793683 b'i'
57629.2075575 22.4684046997443 0.07220194398625068 b'i'
57633.21595467 22.500979134542927 0.08131445221830091 b'i'
57637.20811797 22.621370808937375 0.10835352219230998 b'i'
57638.09847245 22.452258352593415 0.19734650702498868 b'i'
57642.14607078 22.612394708034657 0.14193348016391383 b'i'
57653.0587229 22.635807441351183 0.12785732570806374 b'i'
57661.07011024 22.710295967879063 0.10183383185333028 b'i'
57666.0260845 22.537633936224218 0.1220223069692139 b'i'
57670.99829704 22.59912358982775 0.1982229607584891 b'i'
57686.01134712 22.766710145354935 0.14350573062861116 b'i'
57701.03044878 22.660684120716386 0.11753972907630228 b'i'
57708.0540731 22.579944361600585 0.11637262221454135 b'i'
57719.033476 22.725635632918888 0.12724571252225303 b'i'
57730.04359111 22.594291811796626 0.11345570429275398 b'i'
57740.04799183 22.50857656623125 0.09406374439514309 b'i'
57747.047582 22.76447018773395 0.10020417345118915 b'i'
57759.06780275 22.499983040234557 0.11328898374152274 b'i'
57772.04401061 22.572838306636363 0.1158458227155954 b'i'
57780.04145086 22.704081554193223 0.1983741191196131 b'i'
57985.21829004 22.126080961987114 0.060796657490612915 b'i'
57986.28097792 22.185785468213545 0.09530842832696251 b'i'
57990.23510231 22.153488944180232 0.06410808290993941 b'i'
57994.30739661 22.211290549114764 0.11436672449754327 b'i'
57998.11543616 22.172046534741792 0.09461448516178805 b'i'
58014.06852554 22.22549954936104 0.07814642504137126 b'i'
58021.05145714 22.131712045451344 0.13508278056600176 b'i'
58025.04254169 22.016636748216705 0.1910591815288356 b'i'
58040.00363749 21.98732347255507 0.10667775471403827 b'i'
58045.11145152 22.035685171167646 0.06986399280352075 b'i'
58052.00964612 22.078671104397625 0.0739944476281913 b'i'
58057.01756184 21.906619112896593 0.07907124939664101 b'i'
58064.01826086 22.162137675175522 0.07755947118126372 b'i'
58071.03081839 21.877470784658023 0.058458588204793216 b'i'
58072.20034732 22.024336569570767 0.09683303802594523 b'i'
58076.04907931 22.05158653412689 0.0663402464259093 b'i'
58081.04854033 21.91838603301436 0.06331406684532581 b'i'
58086.05152295 21.965419092085625 0.10531802406727309 b'i'
58099.10480703 21.899656713367012 0.0660130265990837 b'i'
58107.09100727 21.846602080841844 0.04927621285711581 b'i'
58125.04978313 21.964879615216223 0.06513263301288674 b'i'
58133.05169135 21.880472011850216 0.0662925763033897 b'i'
58372.26033097 22.555233132901623 0.11508635747365048 b'i'
58431.10612906 22.633587019447667 0.10228772099083372 b'i'
58437.16285844 22.824530130266147 0.20602158211179855 b'i'
