MJD_OBS MAG MAG_ERR BAND
56536.24853172 20.533027802112766 0.020287220359225686 b'g'
56541.26194908 20.40690670766186 0.10732362880926924 b'g'
56543.2460639825 20.450425473197818 0.005063891924848818 b'g'
56547.2764165025 20.457909043207707 0.005372566506177719 b'g'
56558.23173908 20.56704228189247 0.03208361465032539 b'g'
56559.18395175 20.511308538323497 0.0179397510618614 b'g'
56563.257370164996 20.487925857608516 0.006782529880155156 b'g'
56567.2278527775 20.53048522769252 0.005138752952315481 b'g'
56575.200174535 20.520246438953713 0.004754212282076435 b'g'
56579.189637625 20.56704378030273 0.012175867018954976 b'g'
56590.33760270666 20.567406032617377 0.019455047719237988 b'g'
56594.09042268 20.479066409819772 0.017908974148756585 b'g'
56595.099134070006 20.54028701695928 0.00886920988736009 b'g'
56602.1277924575 20.542646137572163 0.004576693730953484 b'g'
56609.0545621 20.571351256109743 0.0311353386499853 b'g'
56615.03694667 20.48132618155732 0.06901807415991357 b'g'
56617.045782526664 20.49116762590478 0.0065757177562913 b'g'
56625.22713026332 20.526039948082726 0.005483318863804068 b'g'
56628.06215157 20.4822017191446 0.012234930076285622 b'g'
56629.05466943333 20.49010602075453 0.007406985140350727 b'g'
56635.22417719 20.50673938581578 0.0059307134603821445 b'g'
56642.0700988 20.38262196582516 0.10314531945145333 b'g'
56645.06419484 20.48846311473993 0.025608042384252627 b'g'
56646.0696714 20.52263984536423 0.009452870161502716 b'g'
56649.14610451 20.534197260854537 0.016863618332958907 b'g'
56653.0883799325 20.430794861946424 0.007317346709772272 b'g'
56660.1190413625 20.52778239648621 0.004882817927137106 b'g'
56667.1359522 20.579249296355805 0.013411397950325893 b'g'
56675.08617447 20.56087784225572 0.03497886080894119 b'g'
56676.08379068666 20.56408189567746 0.017888565391634352 b'g'
56681.1210519 20.53000157944707 0.011978315333657008 b'g'
56683.06987228 20.53112563615706 0.006313642522188102 b'g'
56685.1713524 20.52575565179169 0.017542515779595647 b'g'
56687.148046693335 20.504509824343035 0.009986390253633497 b'g'
56688.067369165 20.565306601455006 0.012954762684484578 b'g'
56692.04454158 20.596135707972547 0.013004360239303736 b'g'
56694.04887867 20.577766028592897 0.009878427221516847 b'g'
56698.04636034 20.643288091567968 0.031116111034037885 b'g'
56885.29199138667 20.425346053655527 0.013980022954175152 b'g'
56888.283918576664 20.32830115806168 0.00581810549749672 b'g'
56890.40046293 20.28355244475069 0.013012961363823905 b'g'
56898.35091020999 20.35480325399609 0.05297735266938094 b'g'
56903.334428915 20.299419252309228 0.11597627075318014 b'g'
56904.28188708 20.29510238568532 0.014754993455888155 b'g'
56912.35724734 20.324588083388125 0.026513903127344918 b'g'
56915.224517363335 20.283306499994193 0.01185035027599107 b'g'
56916.20641146333 20.34536151404184 0.016570606029685596 b'g'
56920.2214476675 20.340920367013542 0.004971300748840521 b'g'
56925.190903413335 20.3379682587055 0.00565723572718752 b'g'
56927.22143981 20.35191807926598 0.011120030490630484 b'g'
56932.16406211333 20.410080448084948 0.014377832507416591 b'g'
56936.313692643336 20.36486850536216 0.017130903438999215 b'g'
56943.3057323975 20.348278309812365 0.010522316334590194 b'g'
56949.28231529 20.32536572220704 0.009240558621750406 b'g'
56950.11547278001 20.297089326297566 0.007584932126013204 b'g'
56957.131924333335 20.289950246093504 0.008019139546975489 b'g'
56961.35662189 20.29470981162777 0.013287125345673445 b'g'
56963.25391572 20.305120746407454 0.01708618850504001 b'g'
56973.15151251751 20.37466615834848 0.005232639919797615 b'g'
56980.233354892494 20.383360044642444 0.003952664013472524 b'g'
56987.2334737275 20.346195179105 0.004650093812656046 b'g'
56990.21100443333 20.33723453536507 0.006221855970786959 b'g'
56992.12251633 20.387370872761167 0.02511766947431937 b'g'
57001.177145860005 20.432285293693127 0.010753290000908166 b'g'
57004.03747526 20.35700518401066 0.019057799009377874 b'g'
57005.24339177667 20.374265995313582 0.00964245732587151 b'g'
57011.08498686 20.387647884865377 0.008758403706448092 b'g'
57012.19498916 20.357817541563552 0.009500426906716543 b'g'
57017.23774109 20.334684734262172 0.013196088904201986 b'g'
57018.18655027333 20.357953440309977 0.006824520691860308 b'g'
57025.07174183 20.29890389344562 0.03371255401863138 b'g'
57029.05835445667 20.322948033421408 0.013329212316997083 b'g'
57032.14467783 20.3181232411321 0.019712133556982536 b'g'
57034.163332899996 20.336820724213805 0.007814465210154173 b'g'
57039.11240607 20.28452674112408 0.009661168525529007 b'g'
57041.070959009994 20.327330539084645 0.004319875986657127 b'g'
57044.1690783 20.284951956639496 0.012161196713812217 b'g'
57048.03794099666 20.284131515811158 0.009917885548375655 b'g'
57051.14446579 20.290932663258907 0.02876663492117615 b'g'
57061.04294938667 20.30325978141914 0.02627840591921173 b'g'
57063.03540800667 20.29736974639042 0.005867779065890862 b'g'
57066.04306893 20.251998300685166 0.015038838381261854 b'g'
57067.09630962 20.306777885704346 0.01185244928394269 b'g'
57249.40531248334 20.092025546649268 0.004908452192246198 b'g'
57252.28864835 20.059235216942874 0.010941313390240737 b'g'
57255.33569448666 20.113732733918745 0.0070572154700037255 b'g'
57257.30862735 20.06035312979473 0.011761080157597803 b'g'
57266.27025916 20.153398861790496 0.03841566911444971 b'g'
57268.256376389996 20.086561311503576 0.019100998199699376 b'g'
57276.35358627 19.948035181977612 0.014647462163704716 b'g'
57277.3923674 20.104488886724916 0.00971925277214325 b'g'
57278.249696533334 20.147746341630707 0.005031455078542934 b'g'
57284.33819397 20.129124141001114 0.020384052621917448 b'g'
57287.25650079667 20.07896409737691 0.0065168287323555405 b'g'
57297.230982667505 20.085705864332976 0.014875781524069674 b'g'
57302.2561820525 20.088679756581232 0.003978042156299114 b'g'
57311.221543585 20.07028739233884 0.004027524948368059 b'g'
57317.16616982667 20.075868518270337 0.009472596052124265 b'g'
57325.1976479 20.093888504327268 0.023926036232907677 b'g'
57327.08891673 20.06488510367636 0.005484506190206379 b'g'
57329.22466527 20.017024385954482 0.01414934797855949 b'g'
57331.167312225 20.063608743811283 0.003935981198653016 b'g'
57339.223627595 20.094487290384997 0.004574764791493968 b'g'
57345.274997810004 20.056201417517183 0.004432669952108487 b'g'
57349.29883344 20.169761015365033 0.03326134400692382 b'g'
57356.145193962504 20.052004573465386 0.0054462230275691866 b'g'
57365.21016526 20.06338436853654 0.0031852882659536273 b'g'
57372.153354555005 20.047227386234525 0.0037139628902542066 b'g'
57376.17430912666 20.030463495387828 0.01319274328768802 b'g'
57379.0732585 20.106727477403936 0.027069302058325917 b'g'
57385.16461009666 20.055739744239443 0.008337974708175475 b'g'
57387.17849354 20.090463165489933 0.014248903585485808 b'g'
57389.142920109996 20.05812051552019 0.0053042789200944416 b'g'
57394.16636636 20.067530237036515 0.004756290616136945 b'g'
57397.11623897 20.085102127069348 0.013234070270467413 b'g'
57399.179183219996 20.056895962286386 0.005296131281959703 b'g'
57401.1223465 20.067755070581033 0.0073919719478929835 b'g'
57406.04856793333 20.065234458285737 0.010725527284744255 b'g'
57408.07838031 20.079855400098275 0.02588149346442492 b'g'
57425.11290062 20.02125673157637 0.005480632710519565 b'g'
57426.14306478 20.029008956022523 0.012824583423828528 b'g'
57615.35890995333 19.983223604966067 0.019662403579692508 b'g'
57623.303917885 19.91998755429422 0.011899063137003223 b'g'
57624.27524433334 19.963708656180113 0.009823040899450748 b'g'
57627.39194086 19.941108488386963 0.020757983421688664 b'g'
57629.38728255001 19.965920645267865 0.00382000524442536 b'g'
57633.3490919725 19.962448880316025 0.00404053726076205 b'g'
57637.3120803175 19.952081192428242 0.004301707711313085 b'g'
57643.269122015 19.97044388214475 0.008718985661183896 b'g'
57645.34942940249 19.95289311605459 0.004518634183924495 b'g'
57653.345425306004 19.965327567442515 0.006083446838550799 b'g'
57660.23530219 19.958527326602056 0.003711806807930949 b'g'
57666.20066978 19.94717561107227 0.003994157689776549 b'g'
57667.15270652 19.943883057204516 0.007785169641444157 b'g'
57673.17171949 20.064659979046507 0.14875429737903545 b'g'
57681.11956953667 19.82996401856254 0.011563272941749329 b'g'
57686.243535475 19.846021371829092 0.004298829663809379 b'g'
57687.18977968 19.883510890480995 0.004672252297958983 b'g'
57694.242621699996 19.913062208863174 0.00403652063294665 b'g'
57701.1558029175 19.933821580640906 0.005739082744310067 b'g'
57709.08176662499 19.946521948625982 0.00643644672932048 b'g'
57714.25591968 19.924478851147395 0.005897101514342463 b'g'
57715.08253520001 19.837356833651132 0.006620110591507522 b'g'
57716.22830591667 19.963072875480826 0.005012389224702541 b'g'
57718.22372331 19.88686217837475 0.010249233069771435 b'g'
57720.172929582506 19.933314013974517 0.004036141897694336 b'g'
57725.0531407475 19.947585858588294 0.004038072699032298 b'g'
57730.2068106 19.909719112665844 0.007839484977412468 b'g'
57739.146950145005 20.02863172688912 0.00969540100812141 b'g'
57740.1117577 19.97601641016497 0.006924591141689973 b'g'
57746.07367295 19.942990691348673 0.0033506816828502007 b'g'
57747.11302697 19.94517684559138 0.0066691362816122535 b'g'
57750.15419411667 19.898125642774215 0.004222961929192653 b'g'
57751.14304731 19.919075454768684 0.00803917301903212 b'g'
57756.13505514 19.888145050813026 0.003982128989965555 b'g'
57761.044376064994 19.898136185634243 0.027921180389949462 b'g'
57770.0980191675 19.933316603232754 0.0036141191596060092 b'g'
57774.03204264 19.99482933732816 0.08426607858084978 b'g'
57775.15021269 19.89740172447614 0.005174554945085199 b'g'
57778.12241555 19.887961019904186 0.009181084459584099 b'g'
57779.12475534666 19.93533143362763 0.005159846944349373 b'g'
57784.050588437996 19.92268446860433 0.0038498083199327566 b'g'
57791.074172465 19.94807422832503 0.01837066905757992 b'g'
57800.093806445 19.9869850836978 0.004939803713399748 b'g'
57986.41375782 20.07861557364269 0.0051732625332673015 b'g'
57989.35055205 20.09591588683803 0.01608625174567635 b'g'
57991.39292416 20.08145112487933 0.004465726666661314 b'g'
57994.28826377 20.011023865708488 0.013133977555540355 b'g'
57996.38622605333 20.09137359488864 0.011500962386966296 b'g'
57998.38382034 20.06015608154193 0.011431412214463421 b'g'
57999.33259251 20.08850725634764 0.014192175517906736 b'g'
58007.302022955 19.94751788989853 0.019273577783979104 b'g'
58008.34514102 19.925949105847895 0.02474866068467918 b'g'
58014.20038009333 20.08130189143295 0.004425663371562898 b'g'
58019.19424295 20.06887082333765 0.009387179520388145 b'g'
58021.19519431667 20.06218046876835 0.0050459074748345975 b'g'
58028.30373394999 20.072540312919102 0.010792980744276114 b'g'
58029.1616077 20.100852262748067 0.034468382091088046 b'g'
58036.260806014994 20.100528850810022 0.010208992834561849 b'g'
58040.284799593326 20.10924961182258 0.004829607834016528 b'g'
58041.12845238 20.034010147184127 0.01348018192665279 b'g'
58045.28152621 20.115458994880687 0.004644446429223207 b'g'
58047.15518059 20.10654758604155 0.012285922063707488 b'g'
58052.28799494333 20.130636792837052 0.004343107860167747 b'g'
58054.09432153 20.193205463309045 0.02355943509782321 b'g'
58057.245839904994 20.12440417758995 0.006373640393764283 b'g'
58064.30326987 20.109983170605908 0.03517491267484729 b'g'
58067.05507703667 20.082888208368914 0.006831745102736923 b'g'
58071.2915657 20.187740926939625 0.009584366019275592 b'g'
58074.03908459333 20.188966804795943 0.005165643489628169 b'g'
58076.32177642 20.190851326277034 0.010850707327932696 b'g'
58079.15367156 20.179774263044603 0.004874161244145194 b'g'
58082.25248828 20.195994432008593 0.010084470408212809 b'g'
58084.22742963333 20.165626417416938 0.0060994959105128855 b'g'
58093.0774773 20.19136374372551 0.005107802892037838 b'g'
58099.1964001225 20.10591090460849 0.004581889964428432 b'g'
58107.14285149333 20.090440681340162 0.004329773866807391 b'g'
58108.06129867 20.106150063435386 0.00784984728538518 b'g'
58112.18288993999 20.114152977433644 0.004391316607610959 b'g'
58117.1726358 20.149177788292477 0.028697111463173997 b'g'
58122.07960878667 20.01971718192684 0.008576748299317304 b'g'
58125.10689245 20.056163588539853 0.006960065683248473 b'g'
58126.17277749 20.04177364625753 0.005847088964197387 b'g'
58132.12663605 20.067502863304142 0.009318386136193624 b'g'
58133.06469379666 20.054006729600008 0.004995176126616465 b'g'
58139.065919985005 20.09763967501428 0.004172837434016955 b'g'
58143.081001419996 20.089217064663565 0.012289357197954631 b'g'
58154.08716669 20.162972054669854 0.00488776785360453 b'g'
58161.05735122 20.1527769591377 0.005479754304880275 b'g'
58164.04339107 20.161476884539496 0.009939426522116435 b'g'
58167.02629725 20.20311842306816 0.012915689339095593 b'g'
58372.31274627 20.30319386351592 0.006886493646461869 b'g'
58409.242704465 20.30357703116492 0.011649464659335133 b'g'
58410.33469858 20.334960720329914 0.03369153173501971 b'g'
58431.210345415006 20.279101263861968 0.007218041340675223 b'g'
58454.15652242 20.236290211785896 0.006829400600883714 b'g'
58456.27272748 20.05801681439438 0.0394583252335714 b'g'
58457.245807315005 20.189135240131723 0.027304612231896674 b'g'
58468.1330575 20.220656319309786 0.04482737207116472 b'g'
58469.07083881 20.186255492357095 0.05025400020858939 b'g'
56536.22852439 20.245889176102168 0.025462986198043325 b'r'
56538.40317828667 20.240739516145403 0.005051142195365549 b'r'
56543.23627633 20.26992362912543 0.012761040098574483 b'r'
56545.25511554667 20.232583749859188 0.0046799384650635335 b'r'
56547.25646631 20.251884696751457 0.013853896624230089 b'r'
56551.21848862 20.276295727372137 0.042915357354026185 b'r'
56558.2462194775 20.321991850011468 0.008083019095162255 b'r'
56563.18061138 20.280264470589398 0.014361933074471978 b'r'
56564.29749229999 20.24071313941964 0.005564730503000903 b'r'
56567.20807026 20.228556196624037 0.013342991281362515 b'r'
56568.26038313333 20.295971823521427 0.0045971271024515085 b'r'
56575.18022054 20.294213032131477 0.01112361736543832 b'r'
56576.178535463325 20.30878146731023 0.005421153452118912 b'r'
56579.297838499995 20.32972033559472 0.0040344028373196245 b'r'
56590.32967491 20.259771469059967 0.03741362699292239 b'r'
56591.33145870333 20.3013634303148 0.006078791172968333 b'r'
56594.0927833 20.24013434412001 0.02101132704001074 b'r'
56595.24216217 20.271106492293782 0.06832270610167504 b'r'
56602.255329889995 20.305527401918614 0.004619112371391363 b'r'
56607.30672648334 20.218757790921803 0.005757615650925502 b'r'
56609.05691929 20.300795275047392 0.023170865187783107 b'r'
56611.32801303334 20.238824769611423 0.01063384483180388 b'r'
56615.25918659 20.202792464992125 0.01225385376777894 b'r'
56625.19833613 20.27791091269117 0.011975604978765375 b'r'
56627.149784546666 20.268807031885622 0.0039548206549666395 b'r'
56628.06455272 20.27416517868393 0.014141231658399532 b'r'
56635.181669995 20.249313963543635 0.004574607701318479 b'r'
56642.12836392 20.360397286574504 0.02316553140212463 b'r'
56645.06655585 20.339856145183113 0.021464717927603516 b'r'
56648.21417858333 20.300400653723468 0.006514387787811029 b'r'
56649.1484549 20.293162483975433 0.015219265494863523 b'r'
56653.16324706 20.240274187636686 0.017755372347803444 b'r'
56655.05513391333 20.31195955246098 0.003905787858050838 b'r'
56660.07749426 20.318607947371476 0.011571824763262128 b'r'
56662.06546898999 20.32255369816199 0.004178084494544108 b'r'
56667.10497427 20.36083116423231 0.022349822166937372 b'r'
56668.18370728334 20.278176981285295 0.009520105786514235 b'r'
56675.1752974275 20.266558593751544 0.015985053412778352 b'r'
56681.12341779 20.295456497554593 0.012951309303215197 b'r'
56683.11358965666 20.31974201197306 0.004847628333712293 b'r'
56685.11324472333 20.314484357143368 0.01004683304378766 b'r'
56687.16248531333 20.27284805251012 0.007639487909511192 b'r'
56692.04690531 20.3339099295653 0.013626615928103547 b'r'
56694.060219729996 20.334252466536057 0.005884181056893339 b'r'
56698.04872388 20.42694677997942 0.02342717620167889 b'r'
56885.373995806665 20.193613570976993 0.005967745298217963 b'r'
56890.40280836 20.132598014975642 0.01601511951392709 b'r'
56898.26179445 20.144962919816564 0.052853184189899594 b'r'
56903.25142434 20.169072277263986 0.006595817415066488 b'r'
56904.28425468 20.12780883809789 0.013723190191289092 b'r'
56912.321257409996 20.146211133300316 0.007539958805211276 b'r'
56920.2305767375 20.172370356069848 0.003973641055378811 b'r'
56925.31143146666 20.13203359119755 0.0044635356763984314 b'r'
56927.22378116 20.159826146356 0.012110591092351797 b'r'
56932.17548513333 20.18951670724507 0.007253825850375319 b'r'
56933.23858501 20.28314083543629 0.1148594477873246 b'r'
56936.24916276333 20.20524968128068 0.008954415449053114 b'r'
56943.314887645 20.17773192160517 0.005991595548302027 b'r'
56949.288084889995 20.19859586545795 0.011736910626932117 b'r'
56950.12696437666 20.15409599654836 0.005586935147089364 b'r'
56957.15227939333 20.127101473121318 0.005352577837846505 b'r'
56961.35896636 20.166286025649562 0.015563383188489157 b'r'
56963.2630894525 20.100794589859646 0.018159881473938266 b'r'
56973.16067824 20.16930950290483 0.0043867743374055865 b'r'
56980.24252595501 20.1554941162394 0.003362821650755512 b'r'
56987.242612677495 20.13909980508346 0.003798892591677765 b'r'
56990.22244342667 20.11313862125001 0.005337653528799491 b'r'
56992.1248655 20.13674331596846 0.019386846615169873 b'r'
57001.214014177494 20.17047801901098 0.005647745349747138 b'r'
57004.03982455 20.131990047862583 0.03033245032554888 b'r'
57005.254900496664 20.17527984026782 0.005562761269689202 b'r'
57011.08733511 20.178913609129467 0.009791575589346735 b'r'
57012.20634332 20.13772050646238 0.008158583174995035 b'r'
57017.24008041 20.16515904474253 0.013718494132696435 b'r'
57018.19795136666 20.136178134703254 0.005229570511746872 b'r'
57025.127310732496 20.10372694118449 0.00970772714801002 b'r'
57032.11903395 20.106955927870622 0.004839474753708141 b'r'
57039.0867898575 20.122620459166573 0.003798432611879228 b'r'
57044.13392821 20.063804792487222 0.003992993320256583 b'r'
57051.11879111 20.125528160986654 0.006219895257167542 b'r'
57061.0493503 20.12533540684301 0.021063728287057645 b'r'
57066.0629988125 20.10615008585463 0.005636468376142229 b'r'
57067.09866325 20.127099706707348 0.013483847187412579 b'r'
57249.41407603 19.949934147532023 0.004882821810353618 b'r'
57250.31965724251 19.98711960039597 0.0070708278369261135 b'r'
57252.29100616 19.93539889870643 0.012814724619332196 b'r'
57255.374816623334 19.975735975059642 0.00672021006896402 b'r'
57256.28060739 19.864978352122314 0.015532597343849375 b'r'
57257.31097726 19.916431286066604 0.012747647604889778 b'r'
57265.35214764 19.959283406903634 0.009023363839712686 b'r'
57266.27261713 19.979972610719766 0.027075910947260695 b'r'
57276.335667742496 19.903038297941283 0.003985169930544542 b'r'
57277.39472461 19.94955307464937 0.011296653794406808 b'r'
57283.27690712 19.954420480418502 0.004358547254657866 b'r'
57284.34055589 19.95075553288937 0.020082082950498403 b'r'
57287.356414303336 19.914068525964257 0.004479431556428155 b'r'
57288.303746435005 19.907536417252327 0.00609141663855137 b'r'
57291.21006518334 19.978435850967873 0.012371685424446862 b'r'
57297.350468033335 19.89509764940826 0.007939165257864074 b'r'
57302.26531791 19.927226820301787 0.003671726908032507 b'r'
57311.230680922505 19.921345831426326 0.0031281927612752916 b'r'
57315.26266673 19.92052911477279 0.07635306499140881 b'r'
57317.189010955 19.92381844602553 0.004613672697657148 b'r'
57325.18994478001 19.909533469356997 0.006599524904887688 b'r'
57329.206741575006 19.89617811680737 0.003984888053412959 b'r'
57331.09176326 19.939139160932264 0.011957406182776964 b'r'
57339.17345924 19.863886510056197 0.004173463080115453 b'r'
57345.2841474725 19.891682714411637 0.003624312286756441 b'r'
57349.30119759 19.889188652072114 0.027109534761937226 b'r'
57356.105514974995 19.884288813537328 0.002904899474293847 b'r'
57365.219306407496 19.89156353598468 0.002373811721753871 b'r'
57372.1624812425 19.912457615831546 0.0036447789638008217 b'r'
57378.05080167667 19.90232461245562 0.00722107847993967 b'r'
57379.075623 19.93875162123939 0.020962966528419003 b'r'
57385.175974113336 19.900995408285734 0.004728744336633989 b'r'
57387.18087468 19.916391059254938 0.012096960281905211 b'r'
57389.16751905999 19.875580268617 0.003962425912994038 b'r'
57394.17064975667 19.87763043734866 0.006709105135820539 b'r'
57395.16864746 19.828418751778976 0.008598423657765863 b'r'
57397.11347464 19.918310674569895 0.01321084606541234 b'r'
57401.12471701 19.91930708474065 0.007891980523602626 b'r'
57402.11449227333 19.91584788343408 0.0032692479276733577 b'r'
57408.0929548775 19.883886087992085 0.007730128786900316 b'r'
57426.12873349 19.869039454779298 0.004493457428101761 b'r'
57615.39396990667 19.83984324700214 0.004982117408452474 b'r'
57623.3307735225 19.80493038013669 0.0054649949182379726 b'r'
57627.406308412494 19.8154715759146 0.004874210695292435 b'r'
57633.300508585 19.850274597965793 0.0033789777046038323 b'r'
57637.3212009125 19.80315604847323 0.003946729146480911 b'r'
57643.27824549 19.82784412257205 0.00467993142004133 b'r'
57644.21749897 19.841681597724527 0.03788911764088709 b'r'
57645.3585384125 19.805346975758713 0.0033017151870734004 b'r'
57653.356097832504 19.851826753959905 0.004384332930139433 b'r'
57660.2443234175 19.80139159754079 0.002845329620182697 b'r'
57661.3970948 19.954252112378576 0.06103654476318355 b'r'
57666.326763913334 19.835743978839943 0.006476703323866546 b'r'
57667.15506977 19.838246179960752 0.009497267174168655 b'r'
57680.33436647 19.725975375766645 0.01675636780540657 b'r'
57682.112346066664 19.739831730560006 0.005390775331691847 b'r'
57683.11026214 19.687906378873482 0.013893687347710681 b'r'
57686.2984811525 19.755032064274758 0.004032273703449599 b'r'
57694.14131820999 19.76079448646786 0.0033702642224809564 b'r'
57696.36975743 19.91342646500856 0.08389372342510626 b'r'
57701.1648326425 19.79687902737991 0.003667113583977379 b'r'
57708.170902945 19.813881146224784 0.007560644192186921 b'r'
57709.0908382575 19.80608471897524 0.004995544563169667 b'r'
57714.27498951 19.759470867692503 0.004359359520188693 b'r'
57715.02049339 19.79813569839378 0.06800326148517044 b'r'
57718.2409266225 19.801143837623236 0.003071744027984317 b'r'
57720.04996186 19.83101689523086 0.010028444162998085 b'r'
57722.286512666666 19.799209035952508 0.0034722365676272144 b'r'
57725.0602628 19.824796869355744 0.009381078558799771 b'r'
57729.03972659 19.85480765728352 0.004331944060975383 b'r'
57730.21395405 19.81423189454043 0.013856791601842389 b'r'
57739.1087439725 19.83707559846485 0.004636303779932732 b'r'
57740.11411672 19.846880527005673 0.007899877689382606 b'r'
57746.08501919667 19.81193951891454 0.0026547413599237266 b'r'
57747.11538251 19.792898825824786 0.008031145476035562 b'r'
57750.165482259996 19.70792428349956 0.0039097141726337215 b'r'
57751.14539323 19.77754298829705 0.009099508778920296 b'r'
57756.1554430275 19.80356057111084 0.003030455691920395 b'r'
57761.045777039995 19.74932810392916 0.019774486691946404 b'r'
57763.097263166674 19.779002644571285 0.005940678155641164 b'r'
57770.15043224 19.825800628107427 0.011875434391320994 b'r'
57771.09194005667 19.767241165465357 0.002844087544223238 b'r'
57774.03248559 19.86390908532971 0.06332240207473205 b'r'
57778.13674407 19.78173756051845 0.00347928181579324 b'r'
57782.08636760333 19.773682355393458 0.0038256000295614863 b'r'
57784.047161265 19.81832307362767 0.007412529838524414 b'r'
57789.06613935 19.800090782178543 0.009020082621920658 b'r'
57791.09290946 19.82274942784313 0.01659131685307358 b'r'
57800.077172686666 19.82465093661271 0.0052137935383614826 b'r'
57987.27673951001 19.907691036249297 0.00400961837244658 b'r'
57989.35291629 19.96732353952044 0.035598915350281146 b'r'
57991.404339736655 19.905097476593262 0.0034654155614537224 b'r'
57994.29062092 19.86565259697155 0.014825561791429465 b'r'
57996.397621903336 19.953529241203217 0.01670491929379731 b'r'
57998.3861706 19.932342405263338 0.014420062700601477 b'r'
57999.344042749995 19.88881648161624 0.007004870857642299 b'r'
58003.34771679 19.916928421573356 0.013084000573311272 b'r'
58007.36319761333 19.907832575372062 0.005834487151832565 b'r'
58008.34750762 19.882613967258642 0.02003428358314707 b'r'
58014.21173821667 19.931179859249177 0.0034465220899687343 b'r'
58015.2074189 19.755519072704526 0.015295799310639069 b'r'
58019.19660002 19.91860356485109 0.010452432317052285 b'r'
58021.20659202 19.89922635028656 0.0040705759210101205 b'r'
58026.32288435 19.782480590339553 0.23093736351921734 b'r'
58028.27776327499 19.935593339838505 0.006111201193512649 b'r'
58029.16396385 19.85008855328669 0.02975881115949619 b'r'
58036.269964902494 19.95609007905692 0.005910277083372024 b'r'
58040.29614654334 19.922883665017807 0.00386890858720616 b'r'
58041.13080362 19.899431902893202 0.01482141518936686 b'r'
58045.29288011667 19.9539055334421 0.0037900619611161957 b'r'
58047.15753932 19.930769904827248 0.012489290668845854 b'r'
58052.14464687333 19.92509800687289 0.004335792776585804 b'r'
58054.0966683 19.963720461966325 0.023088704933179827 b'r'
58057.25491096 19.980829116309632 0.004416710369385691 b'r'
58064.242574547505 19.966981791893176 0.006058867010451122 b'r'
58071.230925685006 20.013356178209996 0.003115877277962623 b'r'
58076.2873046525 20.006739388079474 0.003955215677118169 b'r'
58082.2183991 19.995792985695648 0.0036996646635392744 b'r'
58086.06423539 19.902834461413285 0.028383795192617356 b'r'
58092.09370731 19.975193941203614 0.009802135271378735 b'r'
58093.17413057 19.9934467741166 0.018928197417217518 b'r'
58097.2205072 19.929851982857688 0.004275578232935036 b'r'
58099.18664813 19.922735996798203 0.012932291759362613 b'r'
58101.20685212 19.93911167559014 0.0036945313208829444 b'r'
58108.1445026475 19.939748613408607 0.002804482812876965 b'r'
58117.13679077 19.929520250703504 0.007456928209302028 b'r'
58124.10434238333 19.919063698485242 0.002720364235835481 b'r'
58125.10924068 19.920712258567605 0.008082903624366367 b'r'
58130.06191947666 19.87678535131816 0.0069487248849518365 b'r'
58132.12897793 19.9125747287653 0.009244532540066075 b'r'
58137.0597446 19.909295928164752 0.0034146275002608583 b'r'
58139.05615698 19.92376206005622 0.010072555422958374 b'r'
58141.06493431 19.932084009237 0.004782193219225538 b'r'
58143.09832684 19.937322349825997 0.02056104566472783 b'r'
58153.08414421 19.99634317389699 0.003538964066635233 b'r'
58154.10446386 19.97963417037526 0.011871060797719934 b'r'
58160.036160903335 19.955857290837184 0.004252027500373899 b'r'
58164.04575884 19.975480206220006 0.011253985877075934 b'r'
58167.02865588 20.027194692876357 0.011354077323506573 b'r'
58372.314463874995 20.11118276822989 0.00789748045320588 b'r'
58409.244436145 20.102603636658543 0.009879083005386946 b'r'
58410.33519898 20.157647982464447 0.034918587293624626 b'r'
58431.21206596 20.09074952764652 0.007803976637485516 b'r'
58454.15823986 20.035021096453008 0.0076332477873205865 b'r'
58456.27322239 19.994201770346418 0.0391309508245108 b'r'
58457.246301930005 19.993986813529922 0.027195614892613927 b'r'
58468.13355295 20.136381351556064 0.04020392046193777 b'r'
58469.07132694 20.133909416227308 0.04383233427057931 b'r'
56536.23061446 19.96276340368692 0.019889238193101733 b'i'
56538.34881050801 19.935346337357604 0.005860018630170745 b'i'
56543.23835125 19.9479856887031 0.01523185055332732 b'i'
56545.23546961 19.932671401545747 0.00550502203566783 b'i'
56547.25854235 19.982676899815495 0.013464886362985594 b'i'
56551.22056056 19.842684225234 0.02636119370443879 b'i'
56552.368789807995 19.86650512166191 0.012549125141762098 b'i'
56558.355303275996 19.984510812227526 0.005905239729347708 b'i'
56559.282977524 19.97116998137124 0.0052514904470894515 b'i'
56563.18270896 19.94013948612671 0.015270890198273435 b'i'
56564.247487876004 19.983453635328033 0.004500087404444854 b'i'
56567.21015482 19.950735672996707 0.01467379436327576 b'i'
56568.203329424 19.983515178572485 0.004228734300562831 b'i'
56575.30641186001 19.982361546397247 0.007163891715670614 b'i'
56576.1611020675 20.028750181361957 0.00523440952064572 b'i'
56579.29616819 20.016516484327642 0.0042355805113514855 b'i'
56590.33176305 19.998809626904993 0.034326887612625256 b'i'
56591.31174703401 19.992739652690553 0.00545663792589914 b'i'
56594.09485378 19.93812611487587 0.022983317883984 b'i'
56595.222474055 19.961539471449353 0.04098022495492003 b'i'
56602.248065512 19.964328060518802 0.005755223179316464 b'i'
56607.284729278006 19.947372550010105 0.005778972033908341 b'i'
56609.05898399 20.026047190804604 0.02043244433058078 b'i'
56611.296139906 19.965461460827584 0.007663257708874733 b'i'
56615.2394172 19.9233637516946 0.008978012619691542 b'i'
56625.27479177166 19.96953844303845 0.004990134020497733 b'i'
56628.06663568 19.967384192104863 0.01443746356682496 b'i'
56629.132080425996 19.90251788034796 0.00716259356665522 b'i'
56635.11841092 19.968488039879333 0.016059051812781888 b'i'
56636.137067138 19.96923839167209 0.0055627853994589796 b'i'
56645.14401297 19.99463707977007 0.006157808255433198 b'i'
56649.184750735 19.9624942931536 0.005393030115772643 b'i'
56653.16535252 19.87261433100408 0.02272403687929625 b'i'
56656.070398453994 20.015722497325143 0.004119877905688322 b'i'
56660.07956948 20.034379232880386 0.013672659459711412 b'i'
56661.179162324 19.976366678869137 0.006724614206458982 b'i'
56667.10703168 20.00090649526444 0.020131300551344822 b'i'
56668.151651832 19.995633230912556 0.007033238337435968 b'i'
56675.168846771674 20.046274045650744 0.009649576398057398 b'i'
56678.1453138 20.020245025726176 0.01700308415838692 b'i'
56681.12549262 20.05111637983739 0.015466318878548435 b'i'
56682.164992702 20.022580628829257 0.006117748811451296 b'i'
56685.17580457 19.911685652008437 0.028327748240904782 b'i'
56690.09794024601 20.02853890036939 0.004579754289958366 b'i'
56692.04898525 20.051251338877083 0.01548278956526161 b'i'
56697.097977602 20.036080678337 0.007070995681014661 b'i'
56698.05079897 20.053859070171885 0.019688575259138474 b'i'
56885.35434478001 19.9224498667419 0.004558366529837886 b'i'
56890.40488797 19.857985821227135 0.02009718385686199 b'i'
56898.28675504799 19.85319017867483 0.039151281458191474 b'i'
56903.271596192 19.860545123332944 0.00809359760336526 b'i'
56904.28631451 19.865290810957916 0.01513427592205474 b'i'
56912.334180683334 19.92341974582928 0.005464885547732796 b'i'
56920.24073496667 19.898696163717425 0.0036076625103874005 b'i'
56925.33717989801 19.901523265716754 0.003804536368449501 b'i'
56927.22583801 19.92107735624156 0.013558272972446161 b'i'
56932.19564702599 19.87366706482488 0.005126516298988685 b'i'
56936.269387415996 19.912421532524238 0.006978614539810703 b'i'
56943.18247652 19.947782220349847 0.014810040382748468 b'i'
56944.13893406 19.909668445981275 0.00600747292764051 b'i'
56949.356399213335 19.8922482612154 0.003900787736530627 b'i'
56956.318462235 19.908753287255966 0.00966009607215878 b'i'
56960.311852438004 19.848597510744987 0.007285844177312328 b'i'
56961.36102701 19.898781439432966 0.017794363198625263 b'i'
56963.24623975 19.857426298990536 0.032421831994920325 b'i'
56966.137875972 19.873224554323585 0.009170292716841227 b'i'
56973.23987682833 19.911118900056625 0.004130759653264761 b'i'
56980.25266819333 19.903521651836773 0.003949373120292627 b'i'
56987.252774215005 19.91476159282376 0.0037826384464041637 b'i'
56990.2426689 19.90369168677277 0.010369537695812652 b'i'
56992.12692191 19.911553555926595 0.01872326737930763 b'i'
57001.20884585 19.916811936781272 0.005047150308773474 b'i'
57004.04189638 19.89185678525545 0.02815785980180152 b'i'
57008.049289826 19.919496719805 0.004816926849073642 b'i'
57011.08938688 19.91710146028098 0.012401865586856076 b'i'
57012.22941421999 19.818242020245993 0.005637163080493427 b'i'
57017.24212748 19.91062412401633 0.01655299098847962 b'i'
57018.218164658 19.86966854979346 0.006369263945390915 b'i'
57025.150388645 19.88439258519846 0.006948462198093244 b'i'
57032.133140825 19.845982469469348 0.005107680885862274 b'i'
57039.099713078 19.899617946296097 0.0050354049088176915 b'i'
57044.15766016001 19.848146673921647 0.0047462632851148715 b'i'
57051.132894613336 19.877462802383516 0.0060114779275807296 b'i'
57061.07965038 19.86727554606408 0.0094541807680358 b'i'
57066.08209448333 19.88465945625607 0.005714375547575852 b'i'
57067.10072014 19.90832955213712 0.016282533072157435 b'i'
57250.328642508335 19.785040916893184 0.010397301349550858 b'i'
57252.29306571 19.71570706484929 0.01637488778807139 b'i'
57257.294363923334 19.71517000603138 0.004574802798664642 b'i'
57266.258771236666 19.778015749332294 0.0065220398605430425 b'i'
57276.35801351 19.67420773868941 0.01388629896741378 b'i'
57277.380810595 19.774773785405 0.003617507323143473 b'i'
57284.358995329996 19.76276685071517 0.004557932486222354 b'i'
57288.30739532833 19.701321666535495 0.005262915742461526 b'i'
57292.23242528999 19.7382714442375 0.010629434759265961 b'i'
57297.33999856 19.69172032007556 0.0066294029031798915 b'i'
57302.279385496666 19.703063990653988 0.004101126193646278 b'i'
57311.244748063335 19.73817614820674 0.002804571760945583 b'i'
57317.17396219 19.74186282978677 0.013971369913512888 b'i'
57318.115265068 19.664042531931045 0.007219754482208312 b'i'
57327.104453349995 19.737572201181134 0.004654037995203658 b'i'
57329.22908256 19.655811721048867 0.0156674818819873 b'i'
57331.203227603335 19.710279955484346 0.004268729595607434 b'i'
57339.23090703166 19.704306525390603 0.004112390346259727 b'i'
57345.30137019167 19.67706599550729 0.0044539761341561195 b'i'
57349.26150098333 19.703807887169962 0.0069685974816368615 b'i'
57356.15626778332 19.710580258779643 0.0036911973659743465 b'i'
57365.235818067995 19.718668881157928 0.0027552873296211116 b'i'
57372.17265139333 19.724639164617177 0.004371882687798686 b'i'
57378.116029365 19.72351079686972 0.006777119884440315 b'i'
57379.07768711 19.74184864361498 0.017104192647739325 b'i'
57387.12790846167 19.72267218934955 0.0030911041622338803 b'i'
57391.17797109401 19.723189793054658 0.009611774604055361 b'i'
57394.14848958 19.699418883590173 0.019225531215898428 b'i'
57397.10248637333 19.727268695487258 0.0042145412818430286 b'i'
57401.12677629 19.74624699991366 0.009692751448906023 b'i'
57404.053702209996 19.74122504847015 0.004302345011690682 b'i'
57408.08280827 19.700848706141038 0.01736604857120483 b'i'
57425.095688166 19.663500236836477 0.005093801886682916 b'i'
57615.374428758005 19.70981577059872 0.01615883529595035 b'i'
57623.306992105005 19.64868550381145 0.0044908763083380205 b'i'
57627.39636965 19.667405149176215 0.01563495025005679 b'i'
57629.26512671 19.641485087501223 0.0034643327565413626 b'i'
57633.37038199167 19.60076962062442 0.004356534102956719 b'i'
57634.268090218 19.598530735207458 0.004423989994213851 b'i'
57637.34329057 19.649952385825117 0.012625611798625869 b'i'
57638.2373898 19.612426254462797 0.004272895900465699 b'i'
57643.33639384499 19.589405516629206 0.00561165632745642 b'i'
57644.23467899666 19.656604960384296 0.008032622578023518 b'i'
57645.26389529 19.640734273075132 0.014913620362172253 b'i'
57646.24604068 19.665967344248255 0.027358522031878604 b'i'
57653.38197921143 19.6541393567714 0.0036277740272168436 b'i'
57660.25721206667 19.642629378688596 0.0029455592274692287 b'i'
57661.39752042 19.603648803499063 0.07396809039522623 b'i'
57666.346910279986 19.657329542706133 0.0040543566582756825 b'i'
57667.1571489 19.638327423053113 0.012558070705665614 b'i'
57673.19677809 19.81925827606381 0.05179277747496199 b'i'
57680.13026653 19.490176606209175 0.032164949636538154 b'i'
57681.13397011 19.610023219585262 0.017579013520146264 b'i'
57683.16833937166 19.593083707087636 0.00407158422759163 b'i'
57686.11278608 19.61071638392005 0.018072560864784037 b'i'
57687.20518196 19.531869384646477 0.005374055608199653 b'i'
57694.2628122 19.616147387814248 0.004739512073671654 b'i'
57696.37020039 19.83107534100894 0.08832192047957221 b'i'
57701.174920435 19.625499404413343 0.0036638725629892645 b'i'
57708.181052663334 19.65077608590811 0.0051990805129385875 b'i'
57709.10292831 19.643801986014303 0.014599532651764946 b'i'
57714.13331090333 19.605731181588343 0.004087561056673118 b'i'
57715.02091816 19.73843885293266 0.07121461171685439 b'i'
57718.259642256664 19.633234509682225 0.0036419243350799537 b'i'
57720.05201419 19.65364289975484 0.010903126020217258 b'i'
57723.10025238399 19.620564770093168 0.005303758289089319 b'i'
57725.06231605 19.64748115120162 0.01301979871900727 b'i'
57730.13888819833 19.61791612460743 0.004283497815152756 b'i'
57739.17267495333 19.679970412981856 0.004373378385168505 b'i'
57740.1161914 19.672568286600956 0.008827269387190029 b'i'
57746.105179058 19.64744967262338 0.00292411653854586 b'i'
57747.11744105 19.65922133443486 0.009995851328369554 b'i'
57750.18104895 19.58098866337171 0.00588925723240513 b'i'
57751.092590315 19.581010114379996 0.003904904272537633 b'i'
57756.16910169168 19.604319452054952 0.0038008616421555228 b'i'
57761.05891143 19.626468500996257 0.01910689410772548 b'i'
57763.117368222 19.639895484873488 0.004768459711021599 b'i'
57770.15714621 19.651803590191086 0.010646554290203437 b'i'
57771.112009134005 19.620998061388818 0.003396702777553093 b'i'
57774.03292512 19.60699972219097 0.056138847337560804 b'i'
57778.1268271 19.59314735556985 0.012621734769375337 b'i'
57779.09542811 19.57638956738879 0.0038345021060485316 b'i'
57784.067925705 19.625286234024806 0.003748293516529467 b'i'
57791.07912435167 19.592079014975532 0.0052525810254121135 b'i'
57800.10293947 19.611703834141743 0.013546813978141614 b'i'
57803.048809002 19.67620674250371 0.0039026823401323157 b'i'
57987.29690784201 19.741568125858084 0.004426208290181958 b'i'
57989.35497759 19.792018241705037 0.03304307298271425 b'i'
57992.314064092 19.711468047495032 0.004516843074598592 b'i'
57994.29267966 19.68894387007337 0.018045815240885332 b'i'
57997.2513650275 19.73839184634909 0.01078447538249767 b'i'
57998.279658570005 19.792467882443862 0.008500501299467451 b'i'
58003.276225228 19.754426360180464 0.006268734955998556 b'i'
58007.356302495 19.707686088079132 0.006071408424768976 b'i'
58008.34957382 19.676731104916616 0.0172561447998838 b'i'
58009.372140240004 19.70886918517525 0.006201163325801769 b'i'
58019.26560337 19.724452163264967 0.003491097823005423 b'i'
58026.296252964996 19.877409991302322 0.12605235100127 b'i'
58028.16799669 19.670082123895146 0.024651487794788096 b'i'
58029.16603368 19.661654020961706 0.026898749497426877 b'i'
58036.20371678 19.75464369010092 0.014474251061894705 b'i'
58037.14424030999 19.726918448824733 0.004418574378357062 b'i'
58041.146467748 19.631224334626914 0.006290080308884801 b'i'
58046.121058811994 19.750564337571326 0.004214337845357817 b'i'
58047.15959462 19.704891451556545 0.014698608073672403 b'i'
58053.10293608201 19.735585347761912 0.005311757687988643 b'i'
58054.09874267 19.794139053137457 0.025915187107003135 b'i'
58057.30307229167 19.760342373584194 0.004520588923894312 b'i'
58064.252708948334 19.757278013378663 0.004700372696529121 b'i'
58071.24111012334 19.794383016206492 0.0036929253807320784 b'i'
58076.30463745332 19.74843147640473 0.0046800300930937505 b'i'
58082.231494726664 19.771485872863053 0.004231897189741811 b'i'
58086.06631332 19.736598629968235 0.023266734251240706 b'i'
58092.11389463199 19.79129301200004 0.006396366363059183 b'i'
58093.17619909 19.798205607726743 0.0157762155130996 b'i'
58097.25093612401 19.756324281801966 0.004343651806502274 b'i'
58099.18872284 19.706629049302784 0.018001758786002853 b'i'
58101.22702588199 19.745313780754095 0.003907977414805102 b'i'
58108.17063564167 19.74534639525191 0.003222208282754765 b'i'
58117.150038445 19.69894458795189 0.005258740371562016 b'i'
58124.124513904 19.710687585263535 0.0030382026109298126 b'i'
58125.11129582 19.726846399408572 0.009183496209885789 b'i'
58130.1388581925 19.738167984121453 0.014836980371710872 b'i'
58132.06488034001 19.713777696504167 0.0035976344072293862 b'i'
58138.045895872 19.744202947154026 0.004983567078540799 b'i'
58139.05822103 19.69288414312558 0.011492599841471218 b'i'
58142.057395492004 19.68858738394966 0.0072029217322371305 b'i'
58143.10039039 19.691858909235613 0.015310277326889832 b'i'
58153.104332374 19.789849463936847 0.0045414617621508955 b'i'
58154.10653049 19.764494784263785 0.01419443172801138 b'i'
58159.08031041 19.823133813213325 0.01571958571599552 b'i'
58161.04010211599 19.743028459431738 0.004911570983604416 b'i'
58164.04781813 19.783331532465233 0.012795850230407524 b'i'
58167.03072636 19.802421392467167 0.012695710372540248 b'i'
58372.316182355 19.886534217549926 0.010590566111672977 b'i'
58409.246160625 19.84180374741795 0.01078882403363492 b'i'
58410.33568205 19.830521367340175 0.04692746209198617 b'i'
58431.21379291 19.8716929014051 0.010092640053652204 b'i'
58454.159971810004 19.81942745633831 0.010094207183733305 b'i'
58457.2467911 19.78705786279595 0.034952075808194795 b'i'
58468.1340511 19.856409336906076 0.04571387092654078 b'i'
58469.07182684 19.78413268007328 0.042951423823808454 b'i'
