MJD_OBS MAG MAG_ERR BAND
56543.28207737 22.382360107345818 0.05212743981409673 b'g'
56547.23975763 22.569903618487828 0.06877495462655148 b'g'
56567.18465363 22.487543538582557 0.06501076039680598 b'g'
56579.15273697 22.229870270602355 0.17228584840671246 b'g'
56592.16659055 22.45583145351864 0.09602480066199348 b'g'
56602.09068584 22.393623480394794 0.04896571281992834 b'g'
56625.21024704 22.308681998806883 0.04846787320145651 b'g'
56629.03759878 22.34988836124849 0.08954241404887142 b'g'
56636.04141734 22.188960831155427 0.0865618849638281 b'g'
56649.13182666 22.376028150384982 0.07254583113751067 b'g'
56653.14658773 22.39812305388415 0.07233080489109867 b'g'
56660.06078326 22.177479588112675 0.04708675943462026 b'g'
56676.05758924 22.225495090416274 0.08487086189682103 b'g'
56683.03932922 22.372227497240168 0.08413643543625327 b'g'
56697.0365563 22.351145288877113 0.1253800652740651 b'g'
56923.32891589 21.76367778774548 0.04383950777562973 b'g'
56927.29392038 21.876309419885658 0.038842228493383146 b'g'
56932.2704941 21.878722078950197 0.03473496637829854 b'g'
56933.31976592 21.854672380672962 0.043382056236982436 b'g'
56953.31651296 21.73156966096472 0.05304760106150397 b'g'
56956.14097256 21.714049604894363 0.03131690598907255 b'g'
56960.25691412 21.808041712988263 0.05874479263601984 b'g'
56963.22753646 21.830643480103543 0.08424767189388405 b'g'
56973.12880991 21.809391199838945 0.03242631927916406 b'g'
56980.19227606 21.71937739645732 0.027374860035006776 b'g'
56987.19338195 21.729545403610143 0.032481369365484625 b'g'
56990.19409959 21.85013349244469 0.05366304252276777 b'g'
57001.1601094 21.851527107385174 0.08979069941192108 b'g'
57005.20021446 21.750941784651864 0.05103316449715578 b'g'
57012.0674613 21.822889566334787 0.03794577887401118 b'g'
57018.05644414 21.709594182359783 0.06057386903583861 b'g'
57019.05590709 21.647622836526665 0.08532648160623069 b'g'
57033.10024326 21.739627847276118 0.03347173938247394 b'g'
57040.11314367 21.73284912452086 0.03223478101716637 b'g'
57045.10629335 21.70923258234299 0.043146261941629405 b'g'
57249.38832607 21.762636840718134 0.050464548990348135 b'g'
57253.40075114 21.747152816708443 0.03545490598054357 b'g'
57258.3579972 21.729410480831348 0.031461584305901624 b'g'
57276.38188236 21.7128030131475 0.0378036964409354 b'g'
57283.26013929 21.65019809608623 0.03478051554753847 b'g'
57287.33711567 21.6034227145346 0.03742515471007479 b'g'
57299.20439602 21.593101465861473 0.07439127353748276 b'g'
57303.17973418 21.45430850626591 0.05206176124429618 b'g'
57305.26489473 21.57540928010997 0.05959404665779644 b'g'
57312.13773056 21.65419579520777 0.042035281545814485 b'g'
57318.17754327 21.678582507164023 0.1070934528971037 b'g'
57327.11981237 21.722843992224426 0.033386817474632124 b'g'
57331.16400415 21.690171684044017 0.03367605655819972 b'g'
57339.16234228 21.69081611332774 0.037578757585507105 b'g'
57345.24036127 21.67231349099861 0.04060836212230967 b'g'
57355.22348566 21.550366149775968 0.07713793724536444 b'g'
57365.12097566 21.524832348061754 0.024799064701337414 b'g'
57372.11312995 21.523270458285754 0.03042187970060084 b'g'
57385.07784041 21.58522571753345 0.025462100087970896 b'g'
57394.04185375 21.668799725671867 0.053858235015223244 b'g'
57401.06051702 21.614180914909635 0.03323658236432081 b'g'
57626.28997178 21.55550068073091 0.04346733212248921 b'g'
57633.27650924 21.669631469112662 0.03605775049174653 b'g'
57637.28525326 21.611157745579817 0.04064076961906693 b'g'
57643.326998439996 21.79222739892571 0.04641910583722999 b'g'
57653.27819295 21.665119848864812 0.05952289730794291 b'g'
57660.20370374 21.733499194040522 0.033953947806075746 b'g'
57666.17526225 21.67363447826212 0.03725484264658263 b'g'
57671.17008394 21.655024956709273 0.050657806002888606 b'g'
57686.1475722 21.64917539033371 0.04741784106403202 b'g'
57687.29971634 21.65466778442023 0.05398127686907017 b'g'
57688.11206084 21.637441924524033 0.03655260198943466 b'g'
57695.10590946 21.689288722548447 0.04356363248407291 b'g'
57702.10416484 21.60877777767743 0.07648662210919355 b'g'
57710.05054693 21.713123698661192 0.034213739290990475 b'g'
57715.11044329 21.672516483830762 0.05257109998966314 b'g'
57716.04323534 21.67314670444979 0.06130894767944283 b'g'
57717.04152818 21.68198064178341 0.03390672112410087 b'g'
57721.08717764499 21.714501771125843 0.036529588013558184 b'g'
57725.14626456 21.794171516144257 0.03461941186743189 b'g'
57739.08755102 21.790893485761448 0.03333131274994727 b'g'
57746.05680374 21.780434525779828 0.027343449331656444 b'g'
57770.06432814 21.661844275659714 0.03279298078632564 b'g'
57778.06138414 21.803823184448355 0.06852807635701197 b'g'
57782.06714938 21.64935090646053 0.05125613669583018 b'g'
57986.32098679 22.263687425906785 0.06899657671100101 b'g'
57991.29758102 22.44778485788253 0.10705319767125587 b'g'
57996.36930734 22.309781122658542 0.1269298128087044 b'g'
57999.3149778 22.617205799767948 0.22751962262321612 b'g'
58010.23988815 22.419681431167945 0.06691315968888745 b'g'
58015.24621041 22.375387185914786 0.06226354080975938 b'g'
58021.29110251 22.36552078656882 0.062123875116132155 b'g'
58040.26792308 22.51687315651027 0.0842165932237009 b'g'
58045.25633136 22.53123439717318 0.06311796326983554 b'g'
58052.27111927 22.452734534065986 0.060730719901293646 b'g'
58055.28773155 22.574625151009517 0.08818717439383406 b'g'
58071.19072128 22.442132003918253 0.05380405545344047 b'g'
58076.24494906 22.413247188969706 0.06458123214012446 b'g'
58082.18694577 22.391529283641173 0.06432345167206321 b'g'
58094.09432548 22.366780780190286 0.05043617648042087 b'g'
58096.12099643 22.331593154248907 0.06992242971534424 b'g'
58100.11195515 22.348275782420842 0.0636750011983871 b'g'
58108.15222687 22.44115286950496 0.06698792329607528 b'g'
58113.07685607 22.48796128724171 0.0889908725767583 b'g'
58123.04409997 22.4124885178852 0.061378586984485395 b'g'
58137.04051217 22.340460859208164 0.09916177867004095 b'g'
58431.17592005 21.48774990315485 0.03251744065320494 b'g'
58453.130943113334 21.420077948999502 0.014319195773024054 b'g'
58457.2178442 21.36434850195777 0.13977040393772455 b'g'
58468.14211643 21.483363124213355 0.15217363458010524 b'g'
56537.22243917 22.386267022846404 0.08914850609022196 b'r'
56543.28442698 22.120825163510485 0.0664734961733977 b'r'
56547.24211843 22.37848558124827 0.07072431158463388 b'r'
56563.24625568 22.040381908798903 0.05460723495871633 b'r'
56567.18702711 22.236575957691922 0.06583834962945545 b'r'
56575.16591874 22.335614514638912 0.058416306733867884 b'r'
56590.31293324 22.339182184691936 0.13244956860902235 b'r'
56602.09307451 22.186740770975963 0.053264214017602285 b'r'
56609.08486178 22.342722464136397 0.10110058470431582 b'r'
56625.21260343 22.21476593572799 0.05493358582168639 b'r'
56629.04005222 22.17267464372647 0.0720791642360119 b'r'
56636.04379455 22.14027317947958 0.06881229381311371 b'r'
56645.13827068 22.15835046649867 0.12161474426259034 b'r'
56649.13418565 22.23136037745814 0.06965179479534456 b'r'
56653.14896889 22.256211122385487 0.07096602874785773 b'r'
56654.14290604 22.1537368737421 0.0735133058045605 b'r'
56660.06314848 22.20027856952904 0.053726259649710784 b'r'
56669.04631906 22.219251794238343 0.11460089277283103 b'r'
56676.05996186 22.025046096178222 0.07372919390062194 b'r'
56683.04169385 22.085064210494547 0.07298886191656351 b'r'
56690.06764022 22.073004311635348 0.06187580952432725 b'r'
56697.03892437 22.037889474823942 0.08937254441058684 b'r'
56923.33126983 21.822255956866538 0.05539915138571416 b'r'
56927.29626936 21.766189478714235 0.048227376102747854 b'r'
56931.37689382 21.799153363075533 0.05502050713720053 b'r'
56932.27286095 21.728809147392862 0.04298389397829183 b'r'
56953.31787429 21.720465379075478 0.06462574063732163 b'r'
56956.14332591 21.58206438216665 0.03519662313907901 b'r'
56960.25927448 21.690724860660712 0.06674925629172179 b'r'
56973.13117821 21.650719028662472 0.03669153160588934 b'r'
56980.19463103 21.757396053948675 0.03754042143680891 b'r'
56987.19573498 21.707023340446206 0.03900561541155767 b'r'
56990.19644828 21.780003627718152 0.046443283340423136 b'r'
57001.16245074 21.946583419063174 0.08697862060148509 b'r'
57005.20256679 21.818009707930912 0.05762227011185672 b'r'
57012.06981021 21.741140677568595 0.042000170318562624 b'r'
57019.05826025 21.752768910374783 0.07353892587361344 b'r'
57033.10260486 21.70823993417696 0.03995259495397718 b'r'
57040.11550686 21.67181709174333 0.03662523891009073 b'r'
57045.10865839 21.695496032748665 0.05268375924264035 b'r'
57249.39067753 21.701946124323058 0.05087797584277709 b'r'
57253.40309359 21.78924361850877 0.045728465930448436 b'r'
57258.36035839 21.723902797159568 0.03867035390911866 b'r'
57276.38423589 21.637705354823474 0.06022857386140857 b'r'
57283.26248938 21.707376595852704 0.04010029322855857 b'r'
57287.33947673 21.571340458459332 0.04369166549010828 b'r'
57299.206762 21.687571221947284 0.09116929991075295 b'r'
57303.18209059 21.68406390060295 0.051557966930602106 b'r'
57305.26725523 21.645965855855827 0.048800403844008855 b'r'
57312.14009707 21.58948752484185 0.052680046251250445 b'r'
57318.17991501 21.67442256519693 0.08862669100513187 b'r'
57325.21434705 21.5767645766686 0.08477221202426222 b'r'
57327.12216682 21.579770119797907 0.0375727881765755 b'r'
57331.16634595 21.636037253927018 0.04167898123014169 b'r'
57339.16471371 21.678435177673737 0.04535181557941215 b'r'
57345.24271562 21.776407964816002 0.048449369779294926 b'r'
57355.22584971 21.798932074318028 0.07471551412969646 b'r'
57365.1233434 21.574552598859363 0.02853887071553629 b'r'
57372.11548854 21.61486718016484 0.03571361417600727 b'r'
57385.08021985 21.58367307093586 0.03043543860427178 b'r'
57394.04420524 21.61086828191698 0.04044283053628561 b'r'
57401.06288437 21.661407626188463 0.03744516091163064 b'r'
57408.05301242 21.545340971915792 0.10056639350260355 b'r'
57615.33796078 21.606483120406057 0.0709947211188755 b'r'
57626.29233837 21.55626280077782 0.04914752309989012 b'r'
57633.27886155 21.6628483329103 0.04417126707609498 b'r'
57637.28761206 21.62949875596472 0.050018593956881574 b'r'
57643.27163297 21.761988143078067 0.07799549939891293 b'r'
57644.36791854 21.728735866495867 0.1207316952616253 b'r'
57645.23414451 21.75237438535335 0.12563368840984168 b'r'
57653.28056869 21.637451695087098 0.06216255985866325 b'r'
57655.27724278 21.72229335854163 0.05445456036428454 b'r'
57660.20605193 21.64904872325325 0.04049490254995547 b'r'
57666.17762112 21.670115232702432 0.04432291486767426 b'r'
57671.17242754 21.771442317035568 0.04675446873559963 b'r'
57686.14992513 21.731142762238935 0.06245851276636927 b'r'
57687.225959045 21.721084098331602 0.05246181759863449 b'r'
57688.11443485 21.69135579601412 0.04689413436915757 b'r'
57695.10826148 21.68623626744969 0.05272914077961843 b'r'
57702.1065336 21.774093543977056 0.06537714896746749 b'r'
57710.05291309 21.632150791216482 0.04190801542574718 b'r'
57715.11281115 21.87945840574339 0.06967012018218455 b'r'
57717.120720934996 21.712668601300656 0.03054041135616455 b'r'
57721.087669939996 21.817908154410635 0.038535020237489614 b'r'
57725.1486434 21.64820912181019 0.03679603040567514 b'r'
57739.08991031 21.737286413332384 0.04063893103997529 b'r'
57746.05914933 21.659040602957727 0.03053072768593168 b'r'
57750.13971455 21.805295121212612 0.050342351642239436 b'r'
57756.10313342 21.71322694326048 0.04779975878026832 b'r'
57770.06667354 21.73844921813282 0.0378661623310208 b'r'
57778.06372897 21.618543379536106 0.05591003701184505 b'r'
57782.06950991 21.824153874761727 0.053776062374637945 b'r'
57986.32334735 22.058139161032813 0.07100877865795496 b'r'
57996.37167461 22.296089366642086 0.2138685752620617 b'r'
58010.24224511 22.14780724853147 0.05751168210845492 b'r'
58015.24856556 22.13052119877283 0.0625386811858597 b'r'
58021.29345171 22.28485973893481 0.06899574770791261 b'r'
58028.19360839 22.152196164101333 0.16172875870351788 b'r'
58036.26681483 22.292758283298763 0.1078262221985824 b'r'
58040.27028304 22.200645981334503 0.06075610920820296 b'r'
58045.25868956 22.27559112273241 0.06372355202934799 b'r'
58052.27347706 22.331818048696917 0.06314077883698488 b'r'
58055.28636532 22.180832587416667 0.06737948993542986 b'r'
58057.20474085 22.270216510830664 0.09622245537114438 b'r'
58064.20467579 22.274474159016137 0.11657188086132919 b'r'
58071.19308365 22.146446142623702 0.05090711295736128 b'r'
58076.24732043 22.259358990083914 0.06256796241773799 b'r'
58082.18930614 22.382964737255207 0.07435869804267625 b'r'
58092.07695274 22.220701244258457 0.1199474378489711 b'r'
58094.09668303 22.154126450259366 0.04750980235868596 b'r'
58096.11961131 22.184157693056775 0.06770618341570511 b'r'
58100.11431426 22.263593231710356 0.12439319846161467 b'r'
58108.15459095 22.093667970720396 0.04899178097488743 b'r'
58113.07923527 22.221310098374058 0.06745616980056468 b'r'
58123.04646516 22.118712953607524 0.05146413565089247 b'r'
58137.04288077 22.131451757662322 0.07813318235440647 b'r'
58372.29183681 21.656087511685023 0.03739042507894652 b'r'
58401.34429669 21.388776710324024 0.1481039344085744 b'r'
58409.23429357 21.60281032268206 0.05285758857462497 b'r'
58431.17765019 21.577955516965115 0.04115168578678663 b'r'
58451.20892744 21.439715629784793 0.03856978600439476 b'r'
58453.1587767 21.419064077549915 0.019818224706182143 b'r'
56536.24538539 21.895928157429285 0.1635111357949981 b'i'
56543.28650951 21.89896968067793 0.06086310334518075 b'i'
56547.24420277 21.90945056528023 0.05667479140332433 b'i'
56563.24834031 21.98976372082828 0.06151515578248734 b'i'
56567.18910786 21.945265919650286 0.05953579680540599 b'i'
56575.16798365 22.015548502221538 0.05749077510067835 b'i'
56594.12273939 21.880161005134784 0.11027928320577374 b'i'
56602.09512921 21.94818150381714 0.05700493111864802 b'i'
56609.08694765 21.926740234339086 0.08563975115167821 b'i'
56625.21470218 21.758690491147426 0.05895035426193829 b'i'
56629.04214729 22.048667655560486 0.0812611680043247 b'i'
56636.04587859 21.896305945194555 0.06215105807490673 b'i'
56645.14035078 21.75056803197993 0.07776727113706627 b'i'
56649.1362768 21.803853368093343 0.07982094941906581 b'i'
56653.15106946 21.902515674907555 0.07736719288145011 b'i'
56654.14430659 21.734755831103406 0.09982105305338607 b'i'
56660.06521984 21.705042204173097 0.05470621670145803 b'i'
56669.04840217 21.82203536085526 0.08721317666615391 b'i'
56676.06203416 21.73556597303658 0.05767740727551285 b'i'
56683.04375498 21.83975220736182 0.07126339856126762 b'i'
56690.069716 21.843272281306334 0.05948934382555038 b'i'
56697.04098946 21.731056362477496 0.07160309817476929 b'i'
56923.33334641 21.752562867717614 0.06196581062835094 b'i'
56927.29833275 21.594928327497087 0.0484547207881576 b'i'
56932.27492522 21.51326724558236 0.03862293708221998 b'i'
56956.1454004 21.377451638725802 0.037482198730074856 b'i'
56963.23193606 21.479746928137406 0.10526867459541833 b'i'
56973.13324181 21.577238579789658 0.04105417837092773 b'i'
56980.19669536 21.499301813058377 0.04514245915975579 b'i'
56987.19779942 21.56443920730789 0.04402127274090617 b'i'
56990.19850093 21.465565177713835 0.04926032836701921 b'i'
57001.16450675 21.470287324639962 0.05487224805865765 b'i'
57005.20461476 21.51570339825799 0.0652815217917393 b'i'
57012.07186469 21.540556698100204 0.044537211887480055 b'i'
57019.06032429 21.488442177016235 0.06008105016996979 b'i'
57033.10466837 21.58124645369751 0.052318692405272316 b'i'
57040.11757464 21.416635082630844 0.04173437277916392 b'i'
57045.11072169 21.47174899234812 0.060534955258781054 b'i'
57052.09992835 21.55827118662083 0.07186438069653889 b'i'
57249.39274191 21.50434125579222 0.047907123688336384 b'i'
57253.40516014 21.50965273061622 0.04563856552108092 b'i'
57258.36243196 21.452998903676054 0.04084062538201749 b'i'
57276.38631302 21.52309283524362 0.06001616784978836 b'i'
57283.26456242 21.45756208407837 0.03689954005948337 b'i'
57287.34154684 21.440117190517014 0.05324061040182926 b'i'
57299.20882415 21.55294421335444 0.09565103761007876 b'i'
57303.18415392 21.444952113281722 0.05577439781956173 b'i'
57304.25876982 21.46895486108595 0.07437531511104822 b'i'
57305.26931879 21.477809633863643 0.043817994507289626 b'i'
57312.14215991 21.440510284682773 0.06426635464732655 b'i'
57318.18198646 21.379100296514295 0.06216251507857251 b'i'
57325.2164111 21.5122828170066 0.06620530064149932 b'i'
57327.12422924 21.48271243522063 0.04330238658414487 b'i'
57331.16840828 21.451156489056054 0.047165772501209347 b'i'
57339.16678204 21.487029293051776 0.046464428877516895 b'i'
57345.24478994 21.49307764850135 0.05373747554353869 b'i'
57355.2279257 21.469439382390203 0.05502732979627111 b'i'
57365.12541018 21.437229704707246 0.030115320097202414 b'i'
57372.11756501 21.432343034389802 0.04094445340660258 b'i'
57385.0822891 21.36080168636248 0.03221541557056895 b'i'
57394.04627548 21.525960820499357 0.04671931273838226 b'i'
57401.06496544 21.441846689434563 0.03629535182630761 b'i'
57408.05507409 21.44190901849028 0.08526357963647158 b'i'
57615.34004106 21.395001079158572 0.06942479316238348 b'i'
57626.29441143 21.330978693206898 0.051259858813711645 b'i'
57633.28092487 21.36197418775007 0.04114833582265476 b'i'
57637.28968591 21.489960984542627 0.050863024428341674 b'i'
57643.27369285 21.354922849664334 0.06869180908083905 b'i'
57645.2362062 21.56107332775604 0.08383505980326689 b'i'
57654.28821639 21.363044368424777 0.06395636532075244 b'i'
57660.20811715 21.485852103924174 0.045689012424187325 b'i'
57666.1796929 21.48220681849307 0.049118095080011415 b'i'
57671.17449245 21.461807697753358 0.03847534546597586 b'i'
57681.27158079 21.326360471872864 0.06628677714317988 b'i'
57686.15198683 21.364495132347518 0.07252950354071075 b'i'
57687.15563104 21.55014701775613 0.09177787500225776 b'i'
57688.11650023 21.456843677675515 0.04941324623350596 b'i'
57695.11033598 21.589841356675706 0.06085201430696685 b'i'
57702.186064165 21.525336552361996 0.04618752333421055 b'i'
57709.18461447 21.41386196727602 0.058695576286279305 b'i'
57710.05499281 21.493371097747417 0.04801779326271571 b'i'
57711.19263677 21.544664198610835 0.15087624589027726 b'i'
57715.11489567 21.497423583379952 0.06148709686792487 b'i'
57717.04592941 21.559182436269825 0.043184922204304144 b'i'
57721.04178179 21.559709189859024 0.07319840975060998 b'i'
57722.14148213 21.499505329654802 0.07489019295613986 b'i'
57725.15070915 21.47587092676712 0.04131126887365255 b'i'
57739.09197788 21.49776111083725 0.04366966933027783 b'i'
57750.14177125 21.521469688259586 0.05223219428955872 b'i'
57756.10520384 21.513879340427298 0.059095774133183454 b'i'
57770.06875261 21.45236156498924 0.04196293465334122 b'i'
57778.065792 21.540726777900723 0.06661431179655608 b'i'
57782.07158797 21.591880892127755 0.05140922102824419 b'i'
57986.32542497 21.746148625428887 0.06434287905682368 b'i'
57996.37374455 21.714807880545024 0.2120347888535754 b'i'
57999.31942104 21.8929389866845 0.09325336628423742 b'i'
58010.24430413 21.931656378406338 0.055449608901508185 b'i'
58014.39826032 21.681272422703266 0.11629543586587232 b'i'
58015.25062771 21.83655535612437 0.06338005012442594 b'i'
58021.29553184 21.881500499441835 0.05862794610003519 b'i'
58028.19567904 21.93339234383491 0.09880605128624964 b'i'
58036.26888765 21.817527030676402 0.07598527396653054 b'i'
58040.27235199 21.831969899368833 0.06754624085979799 b'i'
58045.26074642 21.94677138514902 0.06630704557592537 b'i'
58052.2755348 21.893457677224916 0.06028817669312758 b'i'
58057.20680309 21.95666888678306 0.07324829206762828 b'i'
58064.2067349 21.829586515989632 0.07413643442350448 b'i'
58071.19516353 21.821815374475015 0.050726095244012726 b'i'
58076.24937933 21.82982653365322 0.06798253488555517 b'i'
58082.19136753 21.67838370882812 0.06748427890742548 b'i'
58084.20625229 21.861727788478696 0.09894029542652305 b'i'
58092.07900508 21.674118048775973 0.13031676984298102 b'i'
58094.0987519 21.793148956261927 0.049568586538214277 b'i'
58100.11637238 21.82060191643868 0.1500008424992778 b'i'
58108.15667605 21.968581199974754 0.05583226082872628 b'i'
58113.08130485 21.793981459757738 0.05818016395817338 b'i'
58123.04852216 21.807979651781995 0.05167914205535595 b'i'
58130.04714496 21.821420138255746 0.11729603390520538 b'i'
58137.04494329 21.874325901634812 0.06423673475724456 b'i'
58401.34567742 21.301055512920367 0.32827941369915337 b'i'
58409.23599917 21.284926426727807 0.04988149829446442 b'i'
58431.17936983 21.217861062749776 0.048793769169215295 b'i'
58438.15317032 21.31436813240698 0.05709315091682755 b'i'
58448.13871471 21.3097412128005 0.053673402443827456 b'i'
58453.15284298 21.235033483974572 0.03859342218986228 b'i'
