MJD_OBS MAG MAG_ERR BAND
56536.25712423 21.284323408765175 0.15851166941872563 b'g'
56543.250110696674 21.36171072564729 0.011341817467486701 b'g'
56547.28385647 21.360534142279768 0.011831117569081787 b'g'
56559.18395175 21.485742925773398 0.034028766501993844 b'g'
56563.28375047 21.34675143938101 0.015531566077352949 b'g'
56567.23523783334 21.321855850870598 0.010569029604389837 b'g'
56575.2076125 21.360098788346185 0.010252306978261195 b'g'
56579.19713529667 21.4580947270036 0.026601388856457336 b'g'
56590.36054594 21.575677948883637 0.14423825971002202 b'g'
56595.099134070006 21.434644694013453 0.017118148791298457 b'g'
56602.13539987333 21.42804650768301 0.01035970660541558 b'g'
56617.045782526664 21.450187329780455 0.01392327098564049 b'g'
56625.22713026332 21.445535411383748 0.011357821427580682 b'g'
56629.05466943333 21.404835338361472 0.014956647048410862 b'g'
56635.26092727334 21.421618535233712 0.013357982446641168 b'g'
56646.0696714 21.40257162564563 0.019189463996410257 b'g'
56653.06421067667 21.230751283102972 0.016241468539603714 b'g'
56660.13367709 21.25199261310717 0.009528784462644695 b'g'
56667.14706902333 21.400106468553666 0.028545072887921963 b'g'
56676.08379068666 21.385619499845145 0.031685840860159034 b'g'
56681.09568636 21.261189978770794 0.026019375807173617 b'g'
56683.06987228 21.270331885674604 0.011260001648549949 b'g'
56687.148046693335 21.27733703840345 0.01893590979881937 b'g'
56688.06668164 21.265617474355906 0.028822415502510523 b'g'
56694.04887867 21.346132187532277 0.017816928580199346 b'g'
56885.29199138667 21.558316774070065 0.0354347933553017 b'g'
56888.283918576664 21.393341186056706 0.013329476731183223 b'g'
56915.224517363335 21.45616347342655 0.026495342590754686 b'g'
56916.20641146333 21.365122201729243 0.03631139525070827 b'g'
56920.19815577666 21.38078760218378 0.012802387124583587 b'g'
56925.19090304 21.369413498903757 0.015257287015649703 b'g'
56932.16406211333 21.540828646606002 0.03224584186105882 b'g'
56936.313692643336 21.58643372926493 0.039384484213661294 b'g'
56943.348286893335 21.461570835172672 0.02756537821233787 b'g'
56949.255075355 21.586799089635825 0.11746459598088838 b'g'
56950.1181215 21.36038718692348 0.028300441224825335 b'g'
56957.131924333335 21.352626252213614 0.01827117153374244 b'g'
56963.25794835333 21.62528286513516 0.050546301183584226 b'g'
56973.14589703667 21.42187710450597 0.01270750300391476 b'g'
56980.21007379666 21.4456725168413 0.010190834967796136 b'g'
56987.21023859 21.473711503804797 0.012238154758540041 b'g'
56990.21100443333 21.475153214050124 0.015593447319570882 b'g'
57001.177145860005 21.55501027748419 0.02736599302039151 b'g'
57005.24339177667 21.539998798955548 0.023946051098196697 b'g'
57012.19498916 21.513769768259223 0.0245163956492111 b'g'
57018.18655027333 21.487964381095537 0.01746241281620896 b'g'
57029.058353989996 21.670686687740208 0.04419817911355136 b'g'
57034.163332899996 21.616020705628145 0.022265164428910342 b'g'
57041.070959009994 21.541014994347833 0.011295968707596313 b'g'
57048.037941545 21.6822103168052 0.03622315428372712 b'g'
57063.03540800667 21.56018066871114 0.016014456417167595 b'g'
57249.40531248334 21.42066042924363 0.014016005873979784 b'g'
57255.33569448666 21.49605587057533 0.020767619705683006 b'g'
57268.25637622 21.57091931991763 0.06274859904474782 b'g'
57278.249696533334 21.490077971581428 0.014465003315171423 b'g'
57287.25650079667 21.51008589022683 0.020185742229311656 b'g'
57297.248815485 21.534232441265868 0.06101409958216038 b'g'
57302.244622289996 21.46405730530059 0.012628866626121752 b'g'
57311.209974473335 21.496166571149242 0.013346320884243984 b'g'
57317.16315678333 21.60923858172438 0.02977273485722157 b'g'
57327.08891673 21.495010833305297 0.016655016615091778 b'g'
57331.19327998333 21.48728040320172 0.01298310758652349 b'g'
57339.204344473335 21.484433470918116 0.01483521819032559 b'g'
57345.25728346 21.474247648282 0.014605196210293287 b'g'
57356.13772951 21.49131465413466 0.018841388879537645 b'g'
57365.19861527334 21.43924693706356 0.010294669125993607 b'g'
57372.13008062334 21.391151940388614 0.011529537625076658 b'g'
57376.17430912666 21.553219475142193 0.03939730926041153 b'g'
57385.16461009666 21.476637663195998 0.026979599936135763 b'g'
57389.142920109996 21.428717269027405 0.015663199929246457 b'g'
57394.17379571 21.409166526326203 0.0157632862953125 b'g'
57399.179183219996 21.43112062929659 0.016086890307001406 b'g'
57406.04856793333 21.565321847284054 0.034053660569697476 b'g'
57425.11290062 21.402921214175404 0.016457389149717797 b'g'
57615.35891478 21.219865562824076 0.06720684080123718 b'g'
57623.272231430004 21.36805869472743 0.05387143358955928 b'g'
57624.2739212 21.42608774082005 0.03705417399703922 b'g'
57629.38728255001 21.378959518701482 0.011275008585014104 b'g'
57633.36113373 21.348534822717927 0.01449021882254947 b'g'
57637.30314567667 21.367500841086084 0.015146777604337682 b'g'
57643.28881235 21.372074326476586 0.04709924430398971 b'g'
57645.379413986666 21.39584188981856 0.014429278823212417 b'g'
57653.323083496674 21.439019520171534 0.022743315124666468 b'g'
57660.22049098666 21.375100286469813 0.01300602902797318 b'g'
57666.20066978 21.393500117764756 0.012420834196897759 b'g'
57681.11956953667 21.374764174775667 0.041242367440835995 b'g'
57686.2885938 21.404124065879998 0.016293338485392436 b'g'
57687.18977968 21.434372618969228 0.016132304698073873 b'g'
57694.26210865334 21.4865350436576 0.016780210197890603 b'g'
57701.13126656 21.48548982532351 0.0278241665264749 b'g'
57709.07618493666 21.505426417639093 0.022607963100879248 b'g'
57714.25434312667 21.339695785944134 0.020727660702981793 b'g'
57715.10336318333 21.26413348121162 0.020491747812227533 b'g'
57716.22830591667 21.350333140890793 0.01530817503115135 b'g'
57720.21470693667 21.354708264645872 0.013803729242841864 b'g'
57723.26275118 21.32414019467916 0.03143088824719342 b'g'
57725.051553193334 21.29621354771767 0.013380658036308899 b'g'
57730.205218886666 21.323435386581888 0.03089114838198145 b'g'
57739.18492107667 21.317862000152783 0.028267955333729968 b'g'
57746.07367295 21.21171876332969 0.008778672652232094 b'g'
57750.15419411667 21.149530420195177 0.011021692328638718 b'g'
57770.083982 21.124769663557913 0.01618688573437055 b'g'
57775.15021269 21.127577825410086 0.013908468429523676 b'g'
57986.41375782 21.462144781316525 0.015043533058478348 b'g'
57991.39292416 21.437103307316885 0.012453560469691632 b'g'
57996.38622605333 21.53827562568326 0.033961713050038006 b'g'
58014.20038009333 21.39301299278942 0.012161423821854865 b'g'
58021.19519431667 21.371681320703487 0.013354022817023112 b'g'
58028.30373394999 21.584190461098043 0.03252320239904938 b'g'
58036.281305376666 21.441898623501615 0.03155840997094295 b'g'
58040.284799593326 21.313648952794402 0.012322950422993438 b'g'
58045.28152621 21.34499484898573 0.011939241870765553 b'g'
58052.28799494333 21.34473361823475 0.011146384186369283 b'g'
58057.21918465333 21.57988575609761 0.029198095364034515 b'g'
58067.05507703667 21.41379618911832 0.01843004780560607 b'g'
58074.03908459333 21.403812558721093 0.012932574305710424 b'g'
58079.15367156 21.39697327894067 0.01212766805530536 b'g'
58084.22742963333 21.412871855898622 0.01613569388590761 b'g'
58093.0460443 21.404921194306695 0.013338984905578853 b'g'
58099.20043292667 21.41430968333379 0.01438946145647686 b'g'
58107.14285149333 21.438976148716943 0.011963002870078069 b'g'
58112.18288993999 21.42499374954709 0.012321497987262385 b'g'
58122.07960878667 21.509270614012987 0.027524103482967095 b'g'
58126.17277749 21.43593705670849 0.017752235042518712 b'g'
58133.06469379666 21.393672086150683 0.014196549614814643 b'g'
58139.06995633 21.382506338589383 0.01254238927287504 b'g'
58154.082184813335 21.370195626528496 0.014463521730177894 b'g'
58157.09459386 21.334418641780893 0.0423196122508358 b'g'
58161.05735122 21.408341552575944 0.014753246168222902 b'g'
58372.3158779 21.406613869562964 0.024382870091759656 b'g'
58409.23958169 21.57682452338556 0.0462677111654628 b'g'
58431.2038228 21.554675549586467 0.02733702933774751 b'g'
58454.210403105 21.570641241418624 0.019759384682761907 b'g'
56538.40317828667 21.16054750129096 0.009416268470951068 b'r'
56545.25511554667 21.14513470084992 0.008442304924263571 b'r'
56558.25025814667 21.118748965063475 0.016132323526634518 b'r'
56564.29749229999 21.13201265847166 0.010153799207383218 b'r'
56568.26038313333 21.171055478141593 0.00827667764873507 b'r'
56576.178535463325 21.17150294355599 0.009637850888688342 b'r'
56579.34062095667 21.162342742262446 0.00769262924634142 b'r'
56591.33145870333 21.191733323862085 0.011681438753527243 b'r'
56595.23719288 21.32417966464501 0.14426963738730336 b'r'
56602.30465546 21.196816716339153 0.009838827076682762 b'r'
56607.30672648334 21.207427918722214 0.011211351621077146 b'r'
56611.32801303334 21.235434933193023 0.02154861770501585 b'r'
56615.25918659 21.219084945305514 0.02548897428709926 b'r'
56627.149784546666 21.215498527337918 0.007448915357052542 b'r'
56635.20344984999 21.200651446602695 0.009056241092398071 b'r'
56642.12836392 21.355487177563298 0.046851088028528665 b'r'
56648.21417858333 21.17681632151538 0.01308152692112627 b'r'
56655.05513391333 21.13294623115926 0.007096324913047549 b'r'
56662.06546898999 21.097133761527626 0.006847686695566573 b'r'
56668.18370728334 21.13439004007069 0.01713331902894425 b'r'
56675.20422004334 21.24791512767373 0.03464868665070721 b'r'
56681.09706391 21.077447151048236 0.02611883073756971 b'r'
56683.11358965666 21.108264952238446 0.008585199499020037 b'r'
56685.08450336 21.080761008397634 0.026930875573174973 b'r'
56687.16248531333 21.093406746455937 0.014124995105757836 b'r'
56694.060219729996 21.117140433180186 0.010308009094217675 b'r'
56885.373995806665 21.179851083688124 0.012806483837954017 b'r'
56898.266751246665 21.13513460883416 0.06727274957445639 b'r'
56903.25142434 21.18875798512075 0.013954136329209024 b'r'
56912.308471669996 21.12711077300858 0.01819190285593025 b'r'
56920.209548583334 21.169244189832444 0.00899556841516562 b'r'
56925.31143146666 21.16734482558835 0.00915150241764683 b'r'
56932.17548513333 21.18517038166392 0.015276375692769718 b'r'
56936.24916276333 21.229469968503363 0.01990928240581182 b'r'
56943.35970935667 21.183333726303363 0.01390926358562566 b'r'
56949.2650264 21.213331911230178 0.14339419554760724 b'r'
56950.12696437666 21.17245419296327 0.011662655089585377 b'r'
56957.15227939333 21.14927631209504 0.011162624170509988 b'r'
56963.269395309995 21.10893496503148 0.04960039391339494 b'r'
56973.157337749995 21.215972482810223 0.009940139045512109 b'r'
56980.221517620004 21.215068900151014 0.00779060009284467 b'r'
56987.22163600333 21.224750399365583 0.00841182338574514 b'r'
56990.22244342667 21.235961606302222 0.011790278004871086 b'r'
57001.18862359666 21.249034457594426 0.01314158321629345 b'r'
57005.254900496664 21.25981548345707 0.012336226907715698 b'r'
57012.20634332 21.306711384520572 0.021063379702089265 b'r'
57018.19795136666 21.287588159316986 0.011951791611048694 b'r'
57025.145046025005 21.338460539182147 0.028883345482568008 b'r'
57032.10970179 21.301152822805367 0.011940273444848713 b'r'
57039.07746904334 21.278324321530846 0.009579531864020498 b'r'
57044.12142832 21.282257040089537 0.00976317890675908 b'r'
57051.10944646333 21.28563892972588 0.01632523227550576 b'r'
57061.0493503 21.314241434286824 0.048712150220630565 b'r'
57066.068858239996 21.28641431087139 0.014031424320852411 b'r'
57249.41407603 21.21938627777002 0.012081972566042026 b'r'
57250.29519466334 21.238849271289805 0.018892257107456626 b'r'
57255.374816623334 21.26765346082992 0.01726581817560254 b'r'
57265.35214764 21.252575858090847 0.024085693765005446 b'r'
57276.32891046666 21.249624312576813 0.011141844709841496 b'r'
57283.27690712 21.2837991217324 0.011490031874597463 b'r'
57287.356414303336 21.23926859824283 0.012272637013357155 b'r'
57288.303746435005 21.23303129988374 0.016588676693702332 b'r'
57291.212547899995 21.19911350386992 0.03962012400823496 b'r'
57297.350468033335 21.25907319081527 0.023652520069220497 b'r'
57302.256015340005 21.24836240612639 0.010155730049030627 b'r'
57311.221372616674 21.252459651110087 0.008354345847955521 b'r'
57317.19471367999 21.283993617854534 0.01357077821098614 b'r'
57325.18659199667 21.27491171788091 0.019778700931248595 b'r'
57329.19998290667 21.281418273932243 0.01124333901899854 b'r'
57339.13666473 21.267465983437855 0.01188256862611502 b'r'
57345.26869423667 21.244293953980232 0.010074819917181569 b'r'
57356.08403386333 21.23839428633387 0.007652295184019866 b'r'
57365.21001809 21.2192468151712 0.008160102801461884 b'r'
57372.14146535667 21.21221463705769 0.009883297997346668 b'r'
57378.05080167667 21.223723407277852 0.02010415591101823 b'r'
57385.175974113336 21.225518382230177 0.013475784730107236 b'r'
57389.16751905999 21.209862322129677 0.010310342383031064 b'r'
57394.182760215 21.23328540187959 0.02230727860557879 b'r'
57395.16864746 21.171391859522796 0.02365501214565313 b'r'
57402.11449227333 21.2108854965444 0.00862584234922207 b'r'
57408.09702716 21.141872633071063 0.02366104606122739 b'r'
57426.12317033333 21.19195015642185 0.012986394579697715 b'r'
57615.39396990667 21.163259926478453 0.013446546261694213 b'r'
57623.30725261667 21.257996067543644 0.01740708447683596 b'r'
57627.41031158667 21.22230650279881 0.01384058662135956 b'r'
57633.29556552333 21.20039178926117 0.009844510463163753 b'r'
57637.31452304334 21.226604315151633 0.011874734692399979 b'r'
57643.29753744 21.191803218422077 0.01337821975209685 b'r'
57645.39077100333 21.211292129046043 0.009331433839990296 b'r'
57653.331863925 21.23898364756206 0.01392242672735713 b'r'
57660.23173046001 21.18443383750438 0.008033972771935346 b'r'
57666.326763913334 21.21116249142238 0.01829339697424949 b'r'
57682.112346066664 21.271584963265134 0.01690635077982921 b'r'
57686.361071219995 21.281252355298804 0.013655524550352231 b'r'
57694.12625125333 21.26184447142842 0.01090357201971584 b'r'
57701.14383993 21.25838350980461 0.01184404186078738 b'r'
57708.15488469 21.362189270119178 0.03972925564476526 b'r'
57709.08749313667 21.262458371766048 0.015929995455573626 b'r'
57714.278985033336 21.19100563623084 0.013651510947382747 b'r'
57718.24587523334 21.16028622333792 0.00852770988739808 b'r'
57722.286512666666 21.125090720714706 0.00915018643259168 b'r'
57729.03972659 21.18377447370854 0.011600503127474794 b'r'
57739.13383417667 21.13139303402334 0.01253628453427095 b'r'
57746.08501919667 21.079557071449855 0.006415612121146333 b'r'
57750.165482259996 21.03438100957618 0.009438469345360648 b'r'
57756.14523243334 20.999794290275094 0.007590820728482593 b'r'
57763.09478092501 21.067879930053213 0.018939409110458907 b'r'
57771.08946094 20.992529536150705 0.007980612345000304 b'r'
57778.14073643 21.015982503674554 0.009296198114421738 b'r'
57782.08636760333 20.981246476918336 0.009624150617615602 b'r'
57789.06613935 21.05725675764631 0.022713542917535207 b'r'
57800.07027432 20.968465091523058 0.020408181231200473 b'r'
57802.05443708 20.993388532208318 0.03048672897428872 b'r'
57987.27673951001 21.21470468420103 0.010125738098703102 b'r'
57991.404339736655 21.221986323748308 0.008791767621936602 b'r'
57996.397623904995 21.216265221306983 0.051478407902636726 b'r'
57999.344042749995 21.21727322518137 0.01800739768801617 b'r'
58003.34771679 21.250962320059905 0.03603182516152259 b'r'
58007.36319761333 21.23029972151832 0.015441079166210913 b'r'
58014.21173821667 21.1990839433856 0.008555429789149178 b'r'
58021.20659202 21.157127386067017 0.010240846254688027 b'r'
58028.31503878334 21.19675729975467 0.016140268630853025 b'r'
58036.292735166666 21.183512251098282 0.016135992013191432 b'r'
58040.29614654334 21.13727247803278 0.009130151753904617 b'r'
58045.29288011667 21.142450261225278 0.008835373234048842 b'r'
58052.14464687333 21.147620706686794 0.010697707479143293 b'r'
58057.230492183335 21.19602953251188 0.012615156280492156 b'r'
58064.22155237667 21.19254925434367 0.015163620374583497 b'r'
58071.20992853667 21.189701349769326 0.007766967009775746 b'r'
58076.275027603326 21.208083976153816 0.00991898874804023 b'r'
58082.206253879995 21.171787031035024 0.008822572593678309 b'r'
58092.09370731 21.258830461135375 0.02403555462080369 b'r'
58097.2205072 21.16556139899806 0.010376385812952929 b'r'
58101.20685212 21.19297468041884 0.008928760956699398 b'r'
58108.171452799994 21.196394681171665 0.007311876862001841 b'r'
58117.121568425 21.34100794536562 0.027640556539614693 b'r'
58124.10434238333 21.178300784471727 0.006674066684374708 b'r'
58130.06191947666 21.26643489284791 0.018944216943620057 b'r'
58137.0597446 21.17916264132724 0.008303114390209523 b'r'
58141.06493431 21.167853357674144 0.012122732856732156 b'r'
58153.08414421 21.13252230510916 0.008592374890476208 b'r'
58157.09322822 21.179240712525782 0.03486003347012456 b'r'
58160.036160903335 21.17299897943073 0.010088480600581554 b'r'
58372.31759763 21.221258528513008 0.02539286178018685 b'r'
58409.24132451 21.250952104931592 0.03213963191202396 b'r'
58431.20554387 21.23303064123724 0.02833524791164521 b'r'
58451.27656132 21.244520827598176 0.03514212733116295 b'r'
58454.15199515 21.270231148475233 0.028282564573107294 b'r'
56538.34881050801 21.059285150342024 0.012732900571629216 b'i'
56545.23546961 21.049150083644136 0.011648335530689453 b'i'
56552.368789807995 21.016221129720837 0.02856270430948612 b'i'
56558.38508724 21.01279870181194 0.013088217272998267 b'i'
56559.282977524 21.05426695136164 0.011286801460323131 b'i'
56564.247487876004 21.037340580370685 0.009450574516897207 b'i'
56568.203329424 21.055443078817277 0.008380566369838159 b'i'
56575.368469385 21.09469014798365 0.019016800314888425 b'i'
56576.1611020675 21.073473764326817 0.010936455042547751 b'i'
56579.321083188 21.006494654688176 0.00853830601289409 b'i'
56591.31174703401 21.067885376063877 0.011699737127106377 b'i'
56595.220215055 21.1239802654797 0.0819682603957697 b'i'
56602.2827235375 21.096158257706982 0.01341905001393411 b'i'
56607.284729278006 21.06835087959138 0.012492118446781934 b'i'
56611.296139906 21.107663719267684 0.017701609231380803 b'i'
56615.2394172 21.024793572607635 0.018691553159018055 b'i'
56625.289664074 21.108137687257294 0.012045515372646963 b'i'
56629.132080425996 21.11866401360554 0.016713734877157643 b'i'
56636.137067138 21.09554119460083 0.011948463081291912 b'i'
56645.159088666005 21.075997921282116 0.013686940347796215 b'i'
56649.191594904 21.084032130431044 0.01202915786718561 b'i'
56656.070398453994 21.030151838514662 0.008043031059942593 b'i'
56661.179162324 21.03437892599959 0.013091855304362894 b'i'
56668.151651832 21.021258073694106 0.013764795936300842 b'i'
56675.1822438925 20.969990607669526 0.022890734293485007 b'i'
56678.140303784996 20.970894164633226 0.031439691018413665 b'i'
56682.164992702 20.984157540131662 0.01226826228713242 b'i'
56690.09794024601 21.019223595111324 0.00890260477159317 b'i'
56697.097977602 21.018999579111647 0.013770815642055673 b'i'
56885.35434478001 21.09736626857247 0.010605116976301645 b'i'
56898.27776677 21.114631569022315 0.12278622202612866 b'i'
56903.271596192 21.020754248070826 0.01931550955280627 b'i'
56912.32867974 21.122067877762476 0.013972957674314612 b'i'
56920.22973919 21.06556833907563 0.008969411941384042 b'i'
56925.33717989801 21.061743178338286 0.008780186632157851 b'i'
56932.19564702599 21.060241592581797 0.011154234031120895 b'i'
56936.269387415996 21.105801833963127 0.016132087191881236 b'i'
56944.13893406 21.09012513505887 0.0140665299858529 b'i'
56949.359435336 21.064883381678996 0.009223544698115359 b'i'
56956.32295521999 21.06306598670746 0.013302139073307784 b'i'
56960.310727755 21.067328388079623 0.01650168263366622 b'i'
56966.137875972 21.107840237948583 0.02107342177135813 b'i'
56973.25330209 21.0916759325512 0.010179712502606183 b'i'
56980.241681946 21.09924902445396 0.009834175929712285 b'i'
56987.241809123996 21.083227942693814 0.00903428657835728 b'i'
56990.2426689 21.127791129252834 0.025710929702545623 b'i'
57001.20884585 21.122941725039663 0.011902250496241433 b'i'
57008.049289826 21.135014872985586 0.01156885387610462 b'i'
57012.22941421999 21.105278586993496 0.013340473833465122 b'i'
57018.218164658 21.105197416771794 0.014995000783604263 b'i'
57025.16523296801 21.16205124226524 0.018246164099775305 b'i'
57032.129952842 21.16137628547041 0.013012459999092122 b'i'
57039.095440934994 21.151907335811657 0.013752700185513575 b'i'
57044.15449470801 21.153061683722402 0.012365508525745866 b'i'
57051.12969545 21.181600158639014 0.0159892445922522 b'i'
57061.07965038 21.22092619610982 0.02444192777113903 b'i'
57066.089017449995 21.185890263758086 0.014903413114366706 b'i'
57250.315349774006 21.15953002109322 0.02755040915046823 b'i'
57257.29062939 21.12722613185461 0.013199242607117223 b'i'
57266.255592710004 21.151961644474785 0.018403328144801313 b'i'
57277.377615544 21.15710938426489 0.010433682222849976 b'i'
57284.360841480004 21.159790098543574 0.012249013552468857 b'i'
57288.32589964 21.171813323777315 0.01559814877310943 b'i'
57292.23242528999 21.117682904262075 0.03241518058411121 b'i'
57297.372409336 21.121384083528024 0.01803240173367983 b'i'
57302.276206788 21.12319939944587 0.011767441108974222 b'i'
57311.24156586001 21.156882106960104 0.008184035424949929 b'i'
57318.115265068 21.08527578876083 0.022455687760437416 b'i'
57327.104453349995 21.177399547088896 0.013308181155974675 b'i'
57331.225108036 21.153604504140603 0.012677074896467197 b'i'
57339.219907728 21.184072884060708 0.011685773852972656 b'i'
57345.2951322 21.120759909291174 0.013370770763743921 b'i'
57349.25314812201 21.137703086654934 0.022149513151106928 b'i'
57356.15311841599 21.104682936850036 0.011049318882886164 b'i'
57365.232464484994 21.10768221042216 0.007997272212061634 b'i'
57372.161662237995 21.135441610984017 0.012573358628815744 b'i'
57378.116029365 21.101655518767288 0.019246175935510295 b'i'
57387.116899934 21.1077112241358 0.008664447065052872 b'i'
57391.1802204725 21.098237687095697 0.02720778796576019 b'i'
57397.100011350005 21.108839982894853 0.011864880032263981 b'i'
57404.053702209996 21.09719280469336 0.011840601161191103 b'i'
57425.095688166 21.103821504413467 0.013890778251313239 b'i'
57615.3733027675 21.065818062352076 0.04646004017386972 b'i'
57623.28771064601 21.085265724734235 0.013517668635088891 b'i'
57629.26512671 21.059377037454073 0.009796526387865833 b'i'
57633.38097955201 21.046782827552025 0.013379742958122507 b'i'
57634.268090218 21.079216133023063 0.01189326252064104 b'i'
57638.2373898 21.0697641801105 0.011923470978567231 b'i'
57643.33639384499 21.025547332013687 0.0173113810491725 b'i'
57644.237701640006 21.104765728394305 0.031136507859577375 b'i'
57646.24604068 21.1647349174133 0.0968150388029585 b'i'
57653.382135518 21.07597713076774 0.010916344042029966 b'i'
57660.251823384 21.081738360446202 0.008648579793758781 b'i'
57666.346910279986 21.057435757842875 0.011557941332899616 b'i'
57673.1945235 21.056218766057846 0.1802110365784202 b'i'
57681.132845225 21.03881174035454 0.07724730245048844 b'i'
57683.179543486 21.091382078172877 0.01208239715337699 b'i'
57687.20518196 21.08127983352294 0.016327434523093983 b'i'
57694.277656442 21.127851602937895 0.015631318687991655 b'i'
57701.163927044 21.118418259306026 0.011586255272740806 b'i'
57708.170083508 21.116631440294157 0.016169053186297046 b'i'
57714.106959257995 21.082475736338946 0.012052944230068575 b'i'
57718.265943896 21.053197140980032 0.010489990912501258 b'i'
57723.126875836664 21.04140447124834 0.014199822142903024 b'i'
57730.12346066399 21.04212005440922 0.012298738322467107 b'i'
57739.200429414006 21.019109458333922 0.01183010150998928 b'i'
57746.105179058 20.98176099626968 0.007784323996565221 b'i'
57750.18104895 20.918083646940115 0.015640328165078782 b'i'
57751.081612546 20.940412738437324 0.010553238001257495 b'i'
57756.16529361601 20.931133533609398 0.00979113617546459 b'i'
57763.117368222 20.94273608221524 0.012363301918703351 b'i'
57771.112009134005 20.905828340496726 0.008749257119993055 b'i'
57779.09542811 20.921473224406434 0.009561307509324752 b'i'
57784.073841066 20.935592400481166 0.010060704110086202 b'i'
57791.075955416 20.891367913311694 0.014103787605365067 b'i'
57802.05582268 20.938660577791868 0.04786726599940039 b'i'
57803.048809002 20.87856582965155 0.009280292749424017 b'i'
57981.39071799 21.126626875490192 0.06161045462336645 b'i'
57985.31029952 21.100984038843254 0.05370640458460585 b'i'
57987.29690784201 21.10900624894659 0.012229616039646977 b'i'
57990.30729571 21.183706642633254 0.05832349043720697 b'i'
57992.314064092 21.100020828275746 0.01187724649460078 b'i'
57997.246866739995 21.113975009410524 0.03349916917547407 b'i'
57998.257942422 21.176709642075792 0.029187236582947255 b'i'
58003.276225228 21.1349934740375 0.01681245445586428 b'i'
58007.38780086333 21.101702014982628 0.016455130050466945 b'i'
58009.372140240004 21.045184530620574 0.016450465348054027 b'i'
58019.278992148 21.076390963609132 0.00965120813619679 b'i'
58026.26753636 21.105850029862967 0.2985940217709846 b'i'
58037.14424030999 21.04039861113563 0.01112330884178883 b'i'
58041.149867764994 21.0274525965361 0.017047921886375335 b'i'
58046.121058811994 21.04497854690248 0.010743358272987549 b'i'
58053.10293608201 21.059588294871986 0.01355432420234298 b'i'
58057.297642578 21.04156420273902 0.012314263525708804 b'i'
58064.241706556 21.05164872881644 0.012386490217519787 b'i'
58071.2290078575 21.060349899229184 0.010593945156635956 b'i'
58076.300321364 21.05125834083759 0.012926715033301835 b'i'
58082.22641402399 21.019909572940815 0.011586701684575436 b'i'
58092.11389463199 21.098954595229614 0.016173444193563938 b'i'
58097.25093612401 21.071556820741186 0.011084627949533136 b'i'
58101.22702588199 21.051814476153535 0.009895767051586188 b'i'
58108.19162021801 21.05841533175156 0.008696021550410013 b'i'
58117.144635303994 21.075452826661447 0.014873708135379837 b'i'
58124.124513904 21.05406110355203 0.008119898670282262 b'i'
58130.13773982 21.11363853684665 0.04055486123945989 b'i'
58132.05164921001 21.035766072559994 0.010171805660622167 b'i'
58138.045895872 21.06080253617552 0.013507476381261525 b'i'
58142.057395492004 20.98790650843813 0.0197326684020664 b'i'
58153.104332374 21.018791371457436 0.011617856075730027 b'i'
58161.04010211599 21.047977275436242 0.012299717198191598 b'i'
58372.31931592 21.10532756508808 0.03699049016370637 b'i'
58409.24304893 21.100129952266084 0.038496587142820005 b'i'
58431.20726427 21.11833803654228 0.0391546997974892 b'i'
58448.28293654 21.177753088533752 0.04965282997412501 b'i'
58454.15373005 21.124959205076685 0.03817226234449223 b'i'
