MJD_OBS MAG MAG_ERR BAND
56536.26166796667 20.96795375566954 0.06066746291228294 b'g'
56541.26327975 21.022081812506418 0.2324958422885075 b'g'
56543.250110696674 20.923203043741395 0.008249908740233097 b'g'
56547.28385647 20.91731508073271 0.008658961099281163 b'g'
56559.18395175 21.055545350138082 0.02506513526243776 b'g'
56563.28375047 20.940875078630537 0.011212043482270255 b'g'
56567.23523783334 20.941643852742285 0.008066222193833716 b'g'
56575.2076125 20.96137269697911 0.007908431947312954 b'g'
56579.19713529667 21.04410424364369 0.0200937269768725 b'g'
56590.36323004 21.150830321547588 0.2173867262694671 b'g'
56595.099134070006 21.064171750302595 0.013205257694117054 b'g'
56602.13539987333 21.115362480616906 0.008590573471271512 b'g'
56617.045782526664 21.162170734354223 0.011177373633254006 b'g'
56625.22713026332 21.10128691452247 0.009291538841232043 b'g'
56629.05466943333 21.072272508867826 0.012925498938073036 b'g'
56635.26092727334 21.108227964866288 0.011059584468601676 b'g'
56646.0696714 21.16733107958216 0.016859709048329015 b'g'
56653.06421067667 21.01605743416831 0.01433940036673873 b'g'
56660.13367709 21.12031944332136 0.009004571315355989 b'g'
56662.15108448 21.157201413265827 0.02436806676784542 b'g'
56667.147067635 21.08755171701543 0.02855626150332167 b'g'
56676.08379068666 21.133579325377845 0.028681211156044634 b'g'
56681.094272075 21.105134402858624 0.020497312137707006 b'g'
56683.06987228 21.131401017657044 0.010471008381134768 b'g'
56687.148046693335 21.10785866004792 0.017901322375393994 b'g'
56694.04887867 21.16307797580709 0.016977920738273755 b'g'
56885.29199138667 21.092341439621922 0.027098968396698925 b'g'
56888.283918576664 21.06137309360498 0.01076468523977814 b'g'
56903.334428915 20.91143013995045 0.19235422704073143 b'g'
56915.223197055 20.96163414030264 0.027347418513790436 b'g'
56916.20641146333 20.991804933661886 0.029837482035082786 b'g'
56920.19815577666 20.974391744996463 0.00979828919568378 b'g'
56925.190903413335 20.98355588783639 0.009524966923988555 b'g'
56932.164065164994 21.023998084865312 0.028657545961776373 b'g'
56936.313692643336 21.011104884816696 0.030946294840211032 b'g'
56943.348286893335 21.096258186542936 0.021006278185704445 b'g'
56949.2511135 21.170719402511587 0.28251568341762834 b'g'
56950.11547278001 20.967974987001263 0.014392689198276564 b'g'
56957.131924333335 20.95324509492388 0.01583841931896228 b'g'
56963.25794835333 20.902298374511805 0.03973548527113489 b'g'
56973.14589703667 21.101624498559126 0.010788081234536027 b'g'
56980.21007379666 21.11598458323798 0.008481682875542008 b'g'
56987.21023859 21.119706191112716 0.009935993356351836 b'g'
56990.21100443333 21.127668427957257 0.012696097707958797 b'g'
57001.177145860005 21.159169134277228 0.020780012165904718 b'g'
57005.24339177667 21.091118928809323 0.01988554042388741 b'g'
57012.19498916 21.080449705672866 0.018747844289036374 b'g'
57018.18655027333 21.07542364855928 0.014259944057290919 b'g'
57029.059672815 21.119535583399596 0.03768811752561152 b'g'
57034.163332899996 21.095771172208465 0.016608831187473284 b'g'
57035.17185353 21.090477052349115 0.030979947807054486 b'g'
57041.070959009994 21.05724915792653 0.008194078334234637 b'g'
57048.03794099666 21.08322843332797 0.020008431383114502 b'g'
57061.03544426 21.075221985977514 0.08253036647328733 b'g'
57063.03540800667 21.05920162027653 0.011680818196413414 b'g'
57249.40531248334 20.855304410310676 0.009260158593738523 b'g'
57255.33569448666 20.878205153821575 0.013873353492631043 b'g'
57268.25637622 20.8103751591037 0.038672761784506356 b'g'
57278.249696533334 20.828896471641823 0.0088850583203047 b'g'
57287.25650079667 20.82800817069796 0.011817869335943972 b'g'
57297.250140649994 20.748769651126786 0.04018378371551574 b'g'
57302.244622289996 20.907380235435856 0.008602759406305246 b'g'
57311.209974473335 20.908548736571028 0.008942889298336093 b'g'
57317.16315678333 20.859602211775538 0.020173674012707615 b'g'
57327.08891673 20.84838570869302 0.01128880615348409 b'g'
57331.19327998333 20.905841698307814 0.008526757695812593 b'g'
57339.204344473335 20.889152895540377 0.009943698347373867 b'g'
57345.25728346 20.920370147505597 0.01014908527125325 b'g'
57356.13772951 20.98274286926427 0.013997413993155215 b'g'
57365.19861527334 21.01263989012709 0.008139902642971946 b'g'
57372.13008062334 21.028361639157797 0.009237738310595926 b'g'
57376.17695501 21.109699887754665 0.047369137072653444 b'g'
57385.16593571 21.08660701320186 0.026473579812304502 b'g'
57389.142920109996 21.016306416246398 0.012351442350434673 b'g'
57394.17379571 21.039939515540905 0.012444001417265739 b'g'
57397.11623897 21.02407605545382 0.03772437675700857 b'g'
57399.179183219996 21.038038603076014 0.012429217319687661 b'g'
57406.047239615 20.947500337049817 0.03299192361286817 b'g'
57425.11290062 21.012832898271515 0.012872636331494186 b'g'
57615.35890995333 21.013641942258065 0.04190570624698025 b'g'
57623.27223176334 20.95472239208108 0.033619248375946154 b'g'
57624.27524433334 20.983265965729334 0.023600525539382786 b'g'
57629.38728255001 20.886770107734588 0.008062584000858283 b'g'
57633.36113373 20.839162956239313 0.010273667892257848 b'g'
57637.30314567667 20.863315505605822 0.010589950596944208 b'g'
57643.286159849995 20.976445157288843 0.01995800644974873 b'g'
57645.379413986666 20.908802236008913 0.010019396587089556 b'g'
57653.341888952506 20.958106979781817 0.016278700415384696 b'g'
57654.39777031 20.745338873962925 0.0949602913065064 b'g'
57660.22049098666 20.9028495737647 0.00941566331655301 b'g'
57666.2412881575 20.954269234473262 0.008204873498377636 b'g'
57681.11956953667 20.8554152146449 0.03135870713543828 b'g'
57686.2885938 20.868984682751236 0.011112867022986467 b'g'
57687.18977968 20.83954318099281 0.010486893319578675 b'g'
57694.26210865334 20.88139267344563 0.010874218388781259 b'g'
57696.36931489 20.884328664894298 0.17540679328262598 b'g'
57697.36435681 20.678286258657277 0.165278999106782 b'g'
57700.37364354 20.65247256758976 0.32669644493487127 b'g'
57701.13258726333 20.82822578564755 0.014467319896155482 b'g'
57702.36783378 20.872183651029328 0.27954682565682276 b'g'
57709.07618493666 20.892521363357297 0.014028480910562448 b'g'
57714.25434312667 20.764431240002335 0.014149088183770342 b'g'
57715.07471115334 20.663807702014847 0.016951905311348613 b'g'
57716.22830591667 20.804581376308416 0.010574880651846062 b'g'
57720.21470693667 20.83498118170337 0.009610941807651147 b'g'
57723.26275118 20.795095812653273 0.025351764993438053 b'g'
57725.051553193334 20.849067176645807 0.009398029898674354 b'g'
57730.205218886666 20.771683556977266 0.020730141202640363 b'g'
57739.146950145005 20.774295586482122 0.01889182937444071 b'g'
57741.03128516 20.69012728821978 0.17272141678457587 b'g'
57746.07367295 20.77451711397944 0.006651327935529084 b'g'
57750.15419411667 20.76324852698008 0.008385724069363427 b'g'
57753.03892601 20.858553212155783 0.15102558373667563 b'g'
57756.11883522667 20.797733010682215 0.009586780718369752 b'g'
57770.08133877666 20.895546589937826 0.008422732112590366 b'g'
57775.15021269 20.87882230311511 0.01210506176907968 b'g'
57779.12475534666 20.910575477420775 0.011821709997147547 b'g'
57784.05274291666 20.862759282539525 0.009755704709917287 b'g'
57800.092234133335 20.777810515596833 0.012313151975071561 b'g'
57986.41375782 21.025136656941065 0.011429999927975576 b'g'
57991.39292416 20.993871045439466 0.00949738136621791 b'g'
57996.38622605333 21.06548945446905 0.027292925967911757 b'g'
57999.32993721 20.937826511400083 0.06430726218432525 b'g'
58007.30334594 20.919020379445406 0.058136520580177375 b'g'
58014.20038009333 21.097415885443485 0.010699894239222118 b'g'
58021.19519431667 21.12798401351354 0.012325139599360997 b'g'
58028.30373394999 21.192668887966672 0.029918241005428958 b'g'
58036.279977725 21.07943305812539 0.03900308325043143 b'g'
58040.284799593326 21.179953294025108 0.012067654348529935 b'g'
58045.28152621 21.20273251121099 0.011938032555553604 b'g'
58052.28799494333 21.172687431564885 0.011051694653499266 b'g'
58057.21918465333 21.184438696770524 0.02693845498995542 b'g'
58067.05507703667 21.155935382996336 0.01882944038449584 b'g'
58074.03908459333 21.226567186918594 0.012226398040439634 b'g'
58079.15367156 21.24435250621142 0.011601659991938913 b'g'
58084.22742963333 21.186977263306115 0.015910858731062027 b'g'
58093.0460443 21.244416249179032 0.013293038367438654 b'g'
58099.20043292667 21.146058884107532 0.014443416757757961 b'g'
58107.14285149333 21.180972312611242 0.011034872619502431 b'g'
58112.18288993999 21.195877767901084 0.011667385596881297 b'g'
58122.07960878667 21.09234646930789 0.027091014071492885 b'g'
58126.17277749 21.179241287737533 0.01668837649258936 b'g'
58133.06469379666 21.107650750249057 0.01320109079165285 b'g'
58137.0737684 21.137255621415573 0.02714891732319913 b'g'
58139.06995633 21.12530257205675 0.011291349052233503 b'g'
58154.082184813335 21.10164844878058 0.013516312537562504 b'g'
58161.05735122 21.049023465175317 0.012481662583030776 b'g'
58372.3158779 20.89526384876626 0.016343821125314406 b'g'
58409.23958169 20.839615695731844 0.02788700008839484 b'g'
58431.2038228 20.748689448495625 0.01584626862432259 b'g'
58454.210403105 20.80785831300967 0.011695749612980304 b'g'
58456.27272748 20.579451537608684 0.06866147533197164 b'g'
58457.245807315005 20.59408406415173 0.04831602063445087 b'g'
58468.1330575 20.676531294946564 0.07962668572940146 b'g'
58469.07083881 20.570089414187045 0.09152255010097221 b'g'
56538.40317828667 20.56487221099212 0.006514943245064124 b'r'
56545.25511554667 20.58906849586164 0.006116721194250659 b'r'
56558.25025814667 20.636635318868684 0.012035837424282459 b'r'
56564.29749229999 20.571813145198263 0.007366119165714895 b'r'
56568.26038313333 20.582872609198887 0.006054772736114147 b'r'
56576.178535463325 20.610127130453417 0.007032049318173018 b'r'
56579.34062095667 20.634050516478343 0.005834743204093771 b'r'
56591.33145870333 20.64661438630832 0.00865086666223445 b'r'
56595.24216217 20.68969638676435 0.08167203537902282 b'r'
56602.30465546 20.696681543566932 0.0075264291862105065 b'r'
56607.30672648334 20.648634809038775 0.008348400699262341 b'r'
56611.32801303334 20.69762208741952 0.015230637128291794 b'r'
56615.25918659 20.74446906404843 0.018491908197171374 b'r'
56627.149784546666 20.69763094159466 0.005955516402370033 b'r'
56635.20344984999 20.687948527421412 0.006919078304918064 b'r'
56642.12836392 20.66423231346183 0.032783873236812866 b'r'
56648.21417858333 20.72326435521543 0.010440227165116252 b'r'
56655.05513391333 20.715766939582057 0.006018071114716003 b'r'
56662.08721589249 20.69211610953811 0.005721688292582463 b'r'
56668.18370728334 20.685333135946014 0.014377407948992562 b'r'
56675.20422004334 20.745825548254988 0.026083826786660724 b'r'
56679.04219561 20.73525344264275 0.025758260187792814 b'r'
56681.09706391 20.718006217447336 0.02413249472355261 b'r'
56683.11358965666 20.705484450023587 0.007129350786532504 b'r'
56687.16248531333 20.687956031609907 0.011707817765444703 b'r'
56694.060219729996 20.72458111581513 0.008785420590354044 b'r'
56885.373995806665 20.713474079161198 0.00994178453369432 b'r'
56898.266751246665 20.82324822882286 0.09008441922705568 b'r'
56903.25142434 20.616408654884836 0.01102177016086621 b'r'
56912.308471669996 20.71644968419173 0.01369047884581101 b'r'
56920.209548583334 20.641491472112286 0.006785750067968616 b'r'
56925.31143146666 20.64286034010364 0.00676003171056331 b'r'
56932.17548513333 20.646789563075515 0.01126203187342044 b'r'
56936.24916276333 20.606198747310003 0.015155915502835259 b'r'
56943.35970935667 20.668840496336163 0.010621846410048172 b'r'
56949.262549274994 20.859030644189435 0.08480362690238996 b'r'
56950.12696437666 20.674920214415753 0.008607846611255753 b'r'
56957.15227939333 20.646303393877282 0.008538792926657289 b'r'
56963.26939420333 20.704865577390652 0.040271431311160434 b'r'
56973.157337749995 20.698380993153098 0.007887580177494745 b'r'
56980.221517620004 20.716811367496618 0.00637385396406941 b'r'
56987.22163600333 20.71014015082401 0.006550487147081279 b'r'
56990.22244342667 20.71207267690011 0.009062072444787442 b'r'
57001.18862359666 20.698064313648626 0.0099581753528276 b'r'
57005.254900496664 20.720931232154815 0.00910918671889647 b'r'
57012.20634332 20.700811995161803 0.014393955897173238 b'r'
57018.19795136666 20.68039827912133 0.008693651672235621 b'r'
57025.142569445 20.69223983563949 0.020528403549550177 b'r'
57032.10970179 20.698427849828494 0.008431026640867176 b'r'
57038.1623924 20.690831099119254 0.02187803478607364 b'r'
57039.07746904334 20.705620885806976 0.007059105174069615 b'r'
57044.12142832 20.669761406228073 0.006839950352020978 b'r'
57051.10944646333 20.680509798514663 0.011843196543248653 b'r'
57061.0493503 20.685640972211655 0.039601614697977565 b'r'
57066.068858239996 20.66243199079056 0.010238865078905337 b'r'
57249.41407603 20.56568858249747 0.008400647929579388 b'r'
57250.29519466334 20.595806416155707 0.012887328531263856 b'r'
57255.374816623334 20.589302518427505 0.011703293032894588 b'r'
57265.35214764 20.549282192649645 0.016300553180182566 b'r'
57276.32891046666 20.523775779363145 0.006929311987486341 b'r'
57283.27690712 20.553362524734506 0.007499936150970737 b'r'
57287.356414303336 20.526314127339987 0.007511876970492354 b'r'
57288.303746435005 20.4926453369403 0.010406229464859232 b'r'
57291.21006518334 20.541271777707315 0.020753160948636655 b'r'
57297.350468033335 20.522116720262712 0.015124776787138883 b'r'
57302.256015340005 20.593745236991055 0.006818839386041393 b'r'
57311.221372616674 20.590449502596403 0.005926271386373427 b'r'
57317.19471367999 20.576627093871075 0.009056983092044911 b'r'
57325.18659199667 20.605642695926868 0.014014248950618539 b'r'
57329.19998290667 20.552320369964068 0.007549512701843947 b'r'
57339.13666473 20.573121145161426 0.008058930949180892 b'r'
57345.26869423667 20.60601515901107 0.00689778535220142 b'r'
57356.08403364 20.64626063240129 0.0071854815100341005 b'r'
57365.210016573335 20.65568973387241 0.005321632763633062 b'r'
57372.14146535667 20.64273781497491 0.007395741775540359 b'r'
57378.05080167667 20.64689556097768 0.015620464720364314 b'r'
57385.175974113336 20.70745784767078 0.010185209960526836 b'r'
57389.16751905999 20.663329982392195 0.0075684617378398876 b'r'
57394.182760215 20.618515600790886 0.016094707678294424 b'r'
57395.16864746 20.608528921676186 0.016134064662306713 b'r'
57397.11347464 20.717440793494454 0.027055270591233693 b'r'
57402.11449227333 20.684553859327615 0.006793861209851868 b'r'
57408.09702716 20.678062087441173 0.0165981425493999 b'r'
57426.12317033333 20.606839603377946 0.009416014563839554 b'r'
57615.39396990667 20.546629355000604 0.009793609223849014 b'r'
57623.30725261667 20.579995215276053 0.011594017188169558 b'r'
57627.41031158667 20.56178775992766 0.009781380064573478 b'r'
57633.29556552333 20.554020580320678 0.006871952352396487 b'r'
57637.31452304334 20.566093523898484 0.008252273154260898 b'r'
57643.29753744 20.570955367495174 0.009178345578067251 b'r'
57645.39077100333 20.589555300265 0.00653120621339696 b'r'
57653.35415422666 20.61586489686767 0.010532147708067641 b'r'
57654.39819493 20.56422934750454 0.08087168104989928 b'r'
57659.40101323 20.682921728258634 0.13311127111762389 b'r'
57660.23173046001 20.59160963934516 0.005829156194337573 b'r'
57661.3970948 20.547925102255583 0.09360968244585877 b'r'
57666.3351720275 20.589978844776393 0.010921943950396274 b'r'
57680.33436647 20.544161062512728 0.03149362052397109 b'r'
57682.112346066664 20.538320679013886 0.011808187918943744 b'r'
57686.361071219995 20.558932005639186 0.008996255493493106 b'r'
57688.36838576 20.635018246926652 0.11553101672017263 b'r'
57694.12625125333 20.54734453322089 0.007193595785861543 b'r'
57697.36478842 20.451403325272132 0.12376011021542156 b'r'
57701.14383993 20.55635202615865 0.008073933036187574 b'r'
57708.2012643975 20.54524999195692 0.014564084968210178 b'r'
57709.08749313667 20.548718272514268 0.010369543180536497 b'r'
57714.278985033336 20.489328658044023 0.009129813660372105 b'r'
57715.02049339 20.629350641599626 0.13342977316258953 b'r'
57718.24587523334 20.54843388685017 0.006016937668355638 b'r'
57722.286512666666 20.555052929964454 0.006582609013837091 b'r'
57723.26137435 20.5837185102536 0.02138399134724267 b'r'
57729.03972659 20.521578557378806 0.008252724052062446 b'r'
57739.13383417667 20.527479361927647 0.008626489439749311 b'r'
57741.0317384 20.484722928704656 0.1087978532985936 b'r'
57746.08501919667 20.511884511610635 0.005029027479257262 b'r'
57750.165482259996 20.48919454676802 0.00687759355347692 b'r'
57753.03937561 20.64088442477948 0.0822988083180789 b'r'
57756.14523243334 20.524919936420503 0.005830478291155941 b'r'
57763.097263166674 20.588671295393837 0.01229871563570786 b'r'
57771.09194005667 20.59848870166018 0.005651311489248222 b'r'
57774.03248559 20.403945848952045 0.12080927139066232 b'r'
57778.14073643 20.572070667559206 0.007633695504995495 b'r'
57782.08636760333 20.523447771205078 0.007839311471954618 b'r'
57789.07110024 20.38537864886272 0.035581777689650096 b'r'
57800.065320609996 20.464583963674773 0.011273390706239245 b'r'
57987.27673951001 20.65853468628964 0.007550533673186719 b'r'
57991.404339736655 20.661389607275236 0.0064876689032914115 b'r'
57996.397621903336 20.753869259178057 0.03602573435455275 b'r'
57999.344042749995 20.575988938156623 0.014575153251641658 b'r'
58003.34771679 20.668978799633592 0.028839586415664087 b'r'
58007.36319761333 20.702765289483235 0.012039031295057652 b'r'
58014.21173821667 20.70080445866752 0.006868693237637785 b'r'
58021.20659202 20.718992286323797 0.008236347134827762 b'r'
58028.31503878334 20.694440839251694 0.01392586752811222 b'r'
58036.292735166666 20.750745635238005 0.01390846560660389 b'r'
58040.29614654334 20.759672746940637 0.007705824818315436 b'r'
58045.29288011667 20.730683964432973 0.007505906302057182 b'r'
58052.14464687333 20.752656333478125 0.009006845965724018 b'r'
58057.230492183335 20.746633183117282 0.011169663708633927 b'r'
58064.22155237667 20.772374240378504 0.013681320381991206 b'r'
58071.20992853667 20.765949173200088 0.0068144632983618315 b'r'
58076.275027603326 20.73473044946973 0.008435354767219003 b'r'
58082.206253879995 20.775399155233693 0.0076251516755200645 b'r'
58092.09370731 20.758140438273184 0.02063284044264724 b'r'
58097.2205072 20.74271769247301 0.008904211977232653 b'r'
58101.20685212 20.740537979340477 0.007487028472255166 b'r'
58108.171452799994 20.75587664268511 0.006481601405194142 b'r'
58117.12405736333 20.73570000894667 0.018103524548760217 b'r'
58124.10434238333 20.7495524513154 0.005983297345327439 b'r'
58130.06191947666 20.76026498203703 0.016483309940908727 b'r'
58137.062909955 20.73516620716158 0.006771175127880279 b'r'
58141.06493431 20.697293626723823 0.009841451471798716 b'r'
58153.08414421 20.723515693238106 0.007346885467670506 b'r'
58160.036160903335 20.700853621871815 0.008214977260057797 b'r'
58372.31759763 20.589266512801032 0.017555872137677397 b'r'
58409.24132451 20.594911307343796 0.021592832412785867 b'r'
58410.33519898 20.540644297718224 0.062032612912574336 b'r'
58431.20554387 20.558383158110754 0.017640649821395016 b'r'
58451.27656132 20.55484276897658 0.022689172514908762 b'r'
58454.15199515 20.508193589461175 0.016978522042595756 b'r'
58457.246301930005 20.4436339056285 0.045226765716625095 b'r'
58468.13355295 20.3916911698337 0.060269293181349326 b'r'
58469.07132694 20.623886926621033 0.08059041400282041 b'r'
56538.34881050801 20.511166993784258 0.009000285187764391 b'i'
56545.23546961 20.506382819966795 0.008857673089635807 b'i'
56552.368789807995 20.505469037658806 0.02164259606738978 b'i'
56558.38508724 20.55370309690238 0.010534682682802013 b'i'
56559.282977524 20.543942017110638 0.008846737519013333 b'i'
56564.247487876004 20.543920043811475 0.007315607727173879 b'i'
56568.203329424 20.519199237033263 0.006601490221867947 b'i'
56575.368469385 20.535148209689673 0.014519639897355127 b'i'
56576.1611020675 20.57080981756465 0.008549600816185289 b'i'
56579.321083188 20.571411014957036 0.0071942035593765856 b'i'
56591.31174703401 20.59862240473259 0.00934480772490141 b'i'
56595.220215055 20.67306184757136 0.07486408409818558 b'i'
56602.2827235375 20.628393126852366 0.010895994418294225 b'i'
56607.284729278006 20.605516440723765 0.010370250373954155 b'i'
56611.296139906 20.678645328397266 0.013154300481950473 b'i'
56615.2394172 20.686965090186252 0.016064963568564395 b'i'
56625.289664074 20.63444482407155 0.010051951094715812 b'i'
56629.132080425996 20.574982530484924 0.013216842622102386 b'i'
56636.137067138 20.63659499146564 0.009818201030822099 b'i'
56645.159088666005 20.67155452474843 0.011826846286032228 b'i'
56649.191594904 20.661993330564247 0.010193624609652962 b'i'
56656.070398453994 20.641256264809986 0.007399531050703584 b'i'
56661.179162324 20.644748788121348 0.011531660329321585 b'i'
56662.15382884 20.75159094296125 0.03378428851188886 b'i'
56668.151651832 20.631230978944174 0.011617859446440658 b'i'
56675.184494442 20.650410850120156 0.01985160623521392 b'i'
56678.13238182 20.70912992168809 0.031233343808599663 b'i'
56682.164992702 20.65469481309643 0.011060181464541175 b'i'
56690.09794024601 20.64548116843666 0.00819553604645515 b'i'
56697.097977602 20.64607992246777 0.012491163283949376 b'i'
56885.35434478001 20.65531697191833 0.008999392392583912 b'i'
56898.28675528 20.550105202933764 0.1326299647456608 b'i'
56903.271596192 20.590215697679128 0.014791388569081784 b'i'
56912.32867974 20.64194108080619 0.01109492863186088 b'i'
56920.22973919 20.58717686332871 0.0073906009268807195 b'i'
56925.33717989801 20.568192901943362 0.0071300829398231935 b'i'
56932.19564702599 20.587056964892614 0.008878977997514876 b'i'
56936.269387415996 20.598980637346646 0.012262647211053123 b'i'
56944.13893406 20.604206055552844 0.010977805188748855 b'i'
56949.359435336 20.599531290961465 0.007773099845430819 b'i'
56956.32295521999 20.662873269174572 0.011564755725552208 b'i'
56960.311852438004 20.60833999269285 0.013252006737390604 b'i'
56966.137875972 20.64676955970449 0.016753928337506843 b'i'
56973.25330209 20.65686033373376 0.008532962103462145 b'i'
56980.241681946 20.661123502173766 0.008499861044463153 b'i'
56987.241809123996 20.640158782420876 0.007954624882493249 b'i'
56990.2426689 20.686502868793326 0.020688676545408853 b'i'
57001.20884585 20.643035816408137 0.009862206054404103 b'i'
57008.049289826 20.672281794382425 0.009453935706402189 b'i'
57012.22941421999 20.61217939765179 0.010612000434561376 b'i'
57018.218164658 20.645166692614 0.012477390721652002 b'i'
57025.16523296801 20.686748930238682 0.014786881257631593 b'i'
57032.129952842 20.639247368114983 0.010481780681864047 b'i'
57039.095440934994 20.627578289778057 0.010768708379939373 b'i'
57044.15449470801 20.60213906039847 0.009582404633283081 b'i'
57046.13628986 20.626030795205377 0.03713543525774199 b'i'
57051.12969545 20.65511616680741 0.012378564360209088 b'i'
57061.08077019666 20.62975160818479 0.018911080950785492 b'i'
57066.089017449995 20.594502637960485 0.011650321837690438 b'i'
57250.315349774006 20.568656393914395 0.021558297114233623 b'i'
57257.29062939 20.538665732046894 0.009305617792170241 b'i'
57266.255592710004 20.502945087044825 0.013538051362870882 b'i'
57277.377615544 20.51710411688521 0.007474836819410203 b'i'
57284.360841480004 20.496553060967305 0.00864345793648792 b'i'
57288.32589964 20.480149619159082 0.010135464885288053 b'i'
57292.232426135 20.45293664607397 0.027076888621050295 b'i'
57297.372409336 20.493666932341604 0.01337648143097643 b'i'
57302.276206788 20.525985016554223 0.00863048183254167 b'i'
57311.24156586001 20.550474038363483 0.006174778622651028 b'i'
57318.115265068 20.519084469085477 0.015499238900246614 b'i'
57327.104453349995 20.557789692131422 0.009585536219538955 b'i'
57331.225108036 20.527170798552124 0.008856827346896164 b'i'
57339.219907728 20.529564223681216 0.008522128806262727 b'i'
57345.2951322 20.531920555748044 0.009876944825644534 b'i'
57349.25314812201 20.590264228196013 0.016357347017225993 b'i'
57356.15311841599 20.602661643820703 0.008817859511193156 b'i'
57365.232464484994 20.584354077226134 0.006622282390496375 b'i'
57372.161662237995 20.58583177931836 0.009787505184774543 b'i'
57378.116029365 20.543686401839995 0.018488860714461198 b'i'
57387.116899934 20.593267335192703 0.007330360296171524 b'i'
57391.177967593336 20.611849602512127 0.02333741561132421 b'i'
57397.10248637333 20.61527342520797 0.009216369430323884 b'i'
57404.053702209996 20.62331625972175 0.009782732713082044 b'i'
57425.095688166 20.556814072449573 0.01114165952100369 b'i'
57615.374428758005 20.496657572700954 0.03218320049409462 b'i'
57623.28771064601 20.54196530755259 0.009939260453015677 b'i'
57629.26512671 20.50839051686648 0.007549123866102694 b'i'
57633.38097955201 20.45089286851652 0.009996598868685326 b'i'
57634.268090218 20.503897333378408 0.008915748292413888 b'i'
57638.2373898 20.492078906003144 0.008874164693727125 b'i'
57643.33639384499 20.45894917096767 0.011821169226466064 b'i'
57644.235454905 20.57402373605995 0.02027324349397317 b'i'
57646.24604068 20.594452607201724 0.05668464043759513 b'i'
57653.38497565 20.54823904678138 0.008613800266157023 b'i'
57654.39861942 20.462667320526926 0.10468704760824821 b'i'
57660.251823384 20.53751198390155 0.006705053839996633 b'i'
57666.34938804832 20.572692559735067 0.008761005497184735 b'i'
57681.1362186725 20.493280183090754 0.04456140451594115 b'i'
57683.17954143 20.51742197578541 0.010170065198560731 b'i'
57687.20518196 20.497964031429888 0.012046244355242607 b'i'
57694.277656442 20.520558405064286 0.011115694727381012 b'i'
57696.37020039 20.63058331380393 0.14904476306588066 b'i'
57701.163927044 20.518159920750332 0.008360716577663416 b'i'
57708.201026301664 20.543061133080574 0.012198091498166917 b'i'
57714.106959257995 20.484751222456598 0.00864180401709088 b'i'
57715.02091816 20.40905405729757 0.1544389479020474 b'i'
57718.265943896 20.512318411437114 0.007848925662019047 b'i'
57723.126875836664 20.457398418888125 0.010870645033324149 b'i'
57730.12346066399 20.494691677030712 0.00905590353375357 b'i'
57739.200429414006 20.503294563306994 0.009047394717136087 b'i'
57741.03217705 20.57581098220259 0.14975931814180043 b'i'
57746.105179058 20.477677043397275 0.0061754787669329085 b'i'
57750.18104895 20.450524300687444 0.011809273938922452 b'i'
57751.081612546 20.472292058160424 0.00811811824901821 b'i'
57753.03981678 20.63845608809566 0.09946692692389192 b'i'
57756.16529361601 20.470454364858977 0.007887537620618877 b'i'
57761.03516822 20.638949756274314 0.21113497311267793 b'i'
57763.117368222 20.561179181615024 0.010692373909782237 b'i'
57771.112009134005 20.54053642513784 0.00779172461616637 b'i'
57774.03292512 20.634836476814584 0.1465754286848444 b'i'
57779.09542811 20.52553758371814 0.008110771648650646 b'i'
57784.073841066 20.520946378854326 0.008758028767321862 b'i'
57791.075955416 20.54675347463753 0.01243762980986648 b'i'
57803.048809002 20.515325997442975 0.007957738456587487 b'i'
57981.36270709 20.64036475349627 0.04148274943084118 b'i'
57987.29690784201 20.602680187248485 0.009691883868447965 b'i'
57988.27458787 20.57686897455769 0.19579904349026123 b'i'
57990.27848207 20.566189985791432 0.05270327786800166 b'i'
57992.314064092 20.610717623218203 0.009541351134865568 b'i'
57997.2513650275 20.691013502572318 0.02203717929160257 b'i'
57998.257942422 20.680402532975023 0.021419291996266934 b'i'
58003.276225228 20.66708043059053 0.013613875678352049 b'i'
58007.38780086333 20.644913367984863 0.013827161288008387 b'i'
58009.372140240004 20.65071739810237 0.013078560533192807 b'i'
58019.278992148 20.639566018901448 0.00877709766022409 b'i'
58037.14424030999 20.7133794727859 0.010197968254443239 b'i'
58041.149867764994 20.666858436441128 0.014870527964897675 b'i'
58046.121058811994 20.677961236410482 0.009681583736539106 b'i'
58053.10293608201 20.702947649785273 0.01204458166311925 b'i'
58057.297642578 20.67494154900562 0.012307899570680144 b'i'
58064.241706556 20.751872969003173 0.011761657329514905 b'i'
58071.23013592001 20.69836511466329 0.008701292287435162 b'i'
58076.300321364 20.71218671181751 0.011273349663064331 b'i'
58082.22641402399 20.685805242736688 0.010548165300893269 b'i'
58092.11389463199 20.77551270028746 0.015285260574959469 b'i'
58097.25093612401 20.681120928598602 0.00993088465211978 b'i'
58101.22702588199 20.671753353594564 0.008930399654919742 b'i'
58108.19162021801 20.72513187482568 0.008279834233153578 b'i'
58117.144635303994 20.691483528284113 0.01371928541791064 b'i'
58124.124513904 20.721584639084437 0.007763250500994328 b'i'
58130.13773982 20.771156950539716 0.03843774048577085 b'i'
58132.05164921001 20.67907080238926 0.009062447478467947 b'i'
58138.045895872 20.693855568070454 0.01232986101321187 b'i'
58142.057395492004 20.62250603897522 0.017210912362469154 b'i'
58153.104332374 20.69754614668743 0.010456265564935363 b'i'
58161.04010211599 20.653435902477923 0.010776962531876768 b'i'
58372.31931592 20.517267245949252 0.02855572269493933 b'i'
58409.24304893 20.501834149464393 0.030381491699255747 b'i'
58410.33568205 20.588686004556855 0.08083830537172787 b'i'
58431.20726427 20.498736648095974 0.026014409809938854 b'i'
58448.28293654 20.49444557407727 0.036328726255533184 b'i'
58454.15373005 20.448326549558224 0.028141791547714234 b'i'
58456.27371744 20.429133973569648 0.09577188145321713 b'i'
58457.2467911 20.50179854666449 0.0652353699176579 b'i'
58468.1340511 20.549799169789097 0.07759789467792899 b'i'
58469.07182684 20.599113967791133 0.0774744268993004 b'i'
