MJD_OBS MAG MAG_ERR BAND
56536.21771549 20.09624078423393 0.01742844900480023 b'g'
56543.23392384 20.067869248200694 0.007981615426050581 b'g'
56547.2540966 20.045258882947145 0.008910940751320595 b'g'
56558.23173908 20.04845235660353 0.023002841101149585 b'g'
56563.17822925 20.086932335234174 0.008949953034846914 b'g'
56567.20569761 20.0585274629678 0.008213029700620211 b'g'
56575.17786064 20.085517524818233 0.007248635321595031 b'g'
56579.16714461 20.08759694158997 0.018142318026281856 b'g'
56590.32613109 20.055730207282128 0.013961537838941137 b'g'
56594.09042268 19.991851612908004 0.012646390032930555 b'g'
56602.10497021 20.064687670815864 0.006985188423143995 b'g'
56609.0545621 20.09799206845675 0.02220411022289781 b'g'
56625.1959828 20.08231815075093 0.006870943909305538 b'g'
56628.06215157 20.086128998780794 0.008786537874239997 b'g'
56635.11392694 20.09417939468834 0.011300579871893035 b'g'
56642.0700988 20.150882716251168 0.09372678356915642 b'g'
56645.06419484 20.1274180194911 0.019459827967239107 b'g'
56649.14610451 20.101312436373203 0.012177135117131144 b'g'
56653.1608877 19.990294010942506 0.01124288715844557 b'g'
56660.07513418 20.062502200859857 0.007577354628406141 b'g'
56662.15935732 20.068430859784403 0.010128273826612855 b'g'
56667.10260173 20.09403735290984 0.016934214638009593 b'g'
56675.08617447 20.077479995006374 0.02438186015771393 b'g'
56681.1210519 20.063092542443307 0.00812771113528754 b'g'
56685.1713524 20.02175431474001 0.011483345541915213 b'g'
56692.04454158 20.048859222074913 0.008694045929011907 b'g'
56698.04636034 20.028300393033213 0.018939821131500167 b'g'
56890.40046293 20.02058617170487 0.01038585725153851 b'g'
56904.28188708 20.045367723965505 0.012121741657875162 b'g'
56912.35724734 20.088283495535357 0.023737724064808674 b'g'
56920.29132334 20.09128371781927 0.007737837265821668 b'g'
56927.22143981 20.100403163398358 0.009041230793094712 b'g'
56943.17806891 20.103185877549073 0.017099882414782996 b'g'
56949.33679516 20.10626177563172 0.007635978029206569 b'g'
56956.35148038 20.10943128668732 0.011065521275387624 b'g'
56961.35662189 20.078183745285266 0.010930592097661673 b'g'
56963.24181782 20.07300499071921 0.02675626428291622 b'g'
56973.16835896 20.114555016231375 0.011733171418594424 b'g'
56980.30319818 20.1121125095351 0.007390467593463511 b'g'
56987.30317914 20.089540689667384 0.009748170135548406 b'g'
56992.12251633 20.071253263887865 0.02134315626696548 b'g'
57004.03747526 20.10281975515299 0.014622153222067169 b'g'
57011.08498686 20.11317526434633 0.00704274670384919 b'g'
57017.23774109 20.07976136105775 0.010436360902424724 b'g'
57025.07174183 20.135879183128388 0.028689275438239292 b'g'
57032.14467783 20.121214705001304 0.01643528064016664 b'g'
57039.11240607 20.10196926146593 0.008434703608983796 b'g'
57044.1690783 20.10969697163192 0.009688094262770619 b'g'
57047.13659428 20.137595255013924 0.012020059278981421 b'g'
57048.14387433 20.139888516130846 0.013041607374542963 b'g'
57051.14446579 20.16573887496775 0.0221276514910258 b'g'
57061.05795964 20.132412817608127 0.03164063883787094 b'g'
57066.04306893 19.998328644280047 0.012369690538072575 b'g'
57067.09630962 20.072263507309355 0.009346692159901693 b'g'
57252.28864835 20.08884696792724 0.011044251314075383 b'g'
57257.30862735 20.034885239741104 0.012098805564054516 b'g'
57266.27025916 20.21119747564977 0.03866318219721521 b'g'
57277.3923674 20.113558657922034 0.009375063765787672 b'g'
57284.33819397 20.092462917769147 0.019933520580664776 b'g'
57297.17351642 20.031167799882283 0.033851282992269915 b'g'
57302.29086134 20.09550463432085 0.009102965331432955 b'g'
57311.25625092 20.06251697294217 0.009444775036087094 b'g'
57315.26029578 19.96914129639762 0.11007185721901536 b'g'
57317.16955457 20.083758893483065 0.0182715695422786 b'g'
57325.1976479 20.016939287180673 0.023585800189561468 b'g'
57329.22466527 19.96077473951608 0.014625646623080968 b'g'
57331.08940895 20.050269360007714 0.009220383606251659 b'g'
57339.28147696 19.99368660196895 0.010295645209456692 b'g'
57345.32814086 20.052377539807004 0.010464837016684214 b'g'
57349.29883344 20.073133107546923 0.028616095405993747 b'g'
57356.16758732 20.052331000074336 0.013155648957326349 b'g'
57365.24481522 20.086549187853603 0.006981954035058635 b'g'
57372.22317635 20.093611476961105 0.008309885132309347 b'g'
57379.0732585 20.177022034350234 0.027977271965486494 b'g'
57387.17849354 20.11288638304066 0.014302236823034775 b'g'
57394.14407831 20.064348934411946 0.010317655538589321 b'g'
57401.143633315005 20.095681789468493 0.006004009317972292 b'g'
57408.07838031 20.10428577150123 0.02591445878583798 b'g'
57426.14306478 20.07865457914834 0.012728418408126885 b'g'
57623.39897625 20.049587362281237 0.020486791855500286 b'g'
57627.39194086 20.03454595873477 0.02382773111539649 b'g'
57633.3129667 20.052780101953736 0.008590879274581908 b'g'
57637.33888424 20.049191323290025 0.00885048161308788 b'g'
57643.21800851 19.96930849065887 0.02870963267895732 b'g'
57644.21513647 20.034850179653432 0.06399924610368402 b'g'
57645.25947565 19.990078089335952 0.03130505731543565 b'g'
57653.35957072 20.06397350743734 0.013751499873194462 b'g'
57660.2797358 20.07900972635099 0.007448904616968122 b'g'
57667.15270652 20.06653227156334 0.008368132941235729 b'g'
57686.1083605 20.002415650351047 0.010843328970590704 b'g'
57694.18416084 20.060147031635395 0.007972366969013933 b'g'
57701.22544988 20.106523945553015 0.011831977631931778 b'g'
57709.09851169 20.04435982352669 0.02092777326909001 b'g'
57714.26064934 20.03141778070638 0.012641922304286624 b'g'
57718.22372331 19.966131017587045 0.011026652336564524 b'g'
57720.04759752 20.084280978844927 0.00943857344408272 b'g'
57725.05790341 20.088520598527168 0.008997505528760996 b'g'
57730.21158574 20.065381479057596 0.015809507825313318 b'g'
57740.1117577 20.09990622162246 0.007531225868209646 b'g'
57747.11302697 20.094485736003744 0.007307895816438759 b'g'
57751.14304731 20.07039117925327 0.008967625666695511 b'g'
57756.18371488 20.078431042601963 0.009018695264263243 b'g'
57761.0544731 20.136631724715585 0.031848426200014046 b'g'
57770.14806034 20.156827471795097 0.01595743293230356 b'g'
57778.12241555 20.092512231005998 0.01043351538290338 b'g'
57780.12343122 20.099129151794575 0.014257586091872554 b'g'
57784.03392376 20.11110940433937 0.015059673343571944 b'g'
57791.09055343 20.082015511603895 0.022927572933301832 b'g'
57800.09852338 20.10272675414396 0.010678301591816819 b'g'
57989.35055205 20.046984203647128 0.01602536711476077 b'g'
57994.28826377 19.928122301351394 0.01260347338729062 b'g'
57998.38382034 20.039656000672608 0.01054713103670224 b'g'
58008.34514102 19.992546139975197 0.028059343825596272 b'g'
58019.19424295 20.04671634788447 0.009022775583808595 b'g'
58029.1616077 20.109543893841575 0.032720881530867274 b'g'
58036.19930793 20.091203848986094 0.018686904585447195 b'g'
58041.12845238 19.940683727392692 0.012936509202845059 b'g'
58047.15518059 19.955569522270928 0.01156606528039461 b'g'
58054.09432153 20.050039505759862 0.022108167344992324 b'g'
58057.32580566 20.03740876684315 0.007740028423310009 b'g'
58064.30326987 19.954535634098058 0.03075103371023147 b'g'
58071.2915657 20.053571587771344 0.008481543540778347 b'g'
58076.32177642 20.009457976842732 0.009404925545027254 b'g'
58082.25248828 20.006016528165738 0.008862066611452946 b'g'
58083.30393954 20.045301435623074 0.010768968411937863 b'g'
58093.1717763 20.07044557288249 0.02247513302643256 b'g'
58099.18430171 20.00715388590568 0.008682472587242529 b'g'
58108.06129867 20.037608615744553 0.007483465465462302 b'g'
58117.1726358 19.961643074713884 0.02473266644467742 b'g'
58125.10689245 20.036089793201633 0.006661529447519854 b'g'
58132.12663605 20.004900654027942 0.008881984333346082 b'g'
58139.05381095 20.01495353222021 0.00955663013731467 b'g'
58143.0959597 19.953399554315535 0.021899170924715605 b'g'
58154.10211232 19.979720524950913 0.009962441514712594 b'g'
58157.09181996 20.011019789411748 0.011312941220619877 b'g'
58164.04339107 19.99512685188446 0.008605414439646353 b'g'
58167.02629725 20.014907446843456 0.010792608058533661 b'g'
58372.30961464 20.07984768159004 0.007931832091383484 b'g'
58409.24582724 20.069910739328982 0.013766944836664408 b'g'
58431.21686803 20.07086064318757 0.00870519290972993 b'g'
58454.21803744 20.078381632896043 0.006273345897165143 b'g'
56536.22852439 19.928203051300166 0.020278438603579474 b'r'
56543.23627633 19.97541306762411 0.009412902064369177 b'r'
56547.25646631 19.914704243176182 0.01096099590196431 b'r'
56551.21848862 19.76626209505646 0.030114699904984832 b'r'
56558.23410347 19.943467445788833 0.018704472958823715 b'r'
56563.18061138 19.942690220633665 0.01065626359731553 b'r'
56567.20807026 19.92865626922417 0.00937888308332191 b'r'
56575.18022054 19.957544388823084 0.00816734275703368 b'r'
56579.16949113 19.956579524607253 0.015107847570114075 b'r'
56590.32967491 19.966097706753054 0.02394985668840377 b'r'
56594.0927833 19.87745058252606 0.01646314576126784 b'r'
56602.10735318 19.937124364824935 0.007637494651643095 b'r'
56609.05691929 19.972542811940944 0.016774154498001792 b'r'
56625.19833613 19.958641020945635 0.00836100334765888 b'r'
56628.06455272 19.92499356116996 0.00995180491565506 b'r'
56635.11633043 19.95757426038409 0.010887349021064807 b'r'
56645.06655585 19.974833037779636 0.015683413558310377 b'r'
56649.1484549 19.948807489330978 0.011343454550456045 b'r'
56653.16324706 19.860816506419976 0.012859310388972034 b'r'
56660.07749426 19.93914538140928 0.008429173418857516 b'r'
56662.16074324 19.939821398926238 0.010093019998272723 b'r'
56667.10497427 19.946989068230558 0.014717678531269485 b'r'
56675.08852958 19.969399501563267 0.018690840450275914 b'r'
56681.12341779 19.932944132232777 0.009107717696092976 b'r'
56685.17372077 19.85466887793088 0.014572319593980863 b'r'
56692.04690531 19.942516626173035 0.009761166620410933 b'r'
56698.04872388 19.948717318636128 0.0156301681871156 b'r'
56890.40280836 19.88151684465651 0.013042568510144292 b'r'
56904.28425468 19.899852390477346 0.011090868265732468 b'r'
56912.35961463 19.899936919382714 0.01576942355565336 b'r'
56920.2936612 19.923083292095637 0.008043736244260913 b'r'
56927.22378116 19.904684806344655 0.009658351096398121 b'r'
56943.18042251 19.962442623669347 0.012896470483021005 b'r'
56949.33915612 19.940973831021196 0.009126838053951758 b'r'
56956.3538318 19.911486630084404 0.012410596339542224 b'r'
56961.35896636 19.897922225011527 0.012158593060220824 b'r'
56963.2441752 19.976005432318473 0.02466862702572925 b'r'
56973.17069971 19.960477554473293 0.010208332830654143 b'r'
56980.30555096 19.904895210345416 0.009125108774956203 b'r'
56987.3055427 19.93146624608162 0.010832418744410433 b'r'
56992.1248655 19.911520488420795 0.01602908033146022 b'r'
57001.29018592 19.827342267620047 0.029843366201244947 b'r'
57004.03982455 19.98861608824652 0.024849333979975796 b'r'
57011.08733511 19.94726123626361 0.007317304076973841 b'r'
57017.24008041 19.92764710980284 0.010469800586974998 b'r'
57025.07410158 19.93209806594366 0.02003670130929436 b'r'
57032.14703043 19.92612970419885 0.01242724705621967 b'r'
57039.1147523 19.927491934165488 0.009220802716299659 b'r'
57043.15701648 19.940982300559543 0.011699721347834924 b'r'
57044.17142788 19.920489618375296 0.010168048013550646 b'r'
57048.14522481 19.945666508376732 0.012245597509419781 b'r'
57051.14682505 19.925407511774466 0.01598948333091954 b'r'
57066.04542053 19.78276028243982 0.015592009593113689 b'r'
57067.09866325 19.86632716293866 0.010658653196927048 b'r'
57250.39304498 19.98972145607079 0.19766147323852934 b'r'
57252.29100616 19.900081773450335 0.012170659019389518 b'r'
57256.28060739 19.82152904065554 0.01575730910185058 b'r'
57257.31097726 19.914108791277574 0.01224778702971463 b'r'
57266.27261713 19.866204413730774 0.028411789941820587 b'r'
57276.35593957 19.80117488505955 0.013789347608657465 b'r'
57277.39472461 19.910499768866966 0.010322326650243241 b'r'
57284.34055589 19.927773156982223 0.017986090335995186 b'r'
57302.29322562 19.90017637123965 0.010809878250267246 b'r'
57311.25860584 19.91791505017194 0.01030890243126237 b'r'
57317.17190278 19.922168729295798 0.014487888289384188 b'r'
57325.20000313 19.91200799576923 0.01743921203145149 b'r'
57329.22701758 19.826306239843074 0.013218150224165726 b'r'
57331.09176326 19.90629167017194 0.011673181488600193 b'r'
57339.28384277 19.898975990794785 0.011452468260795712 b'r'
57345.33050718 19.887505148810092 0.012637297470835307 b'r'
57349.30119759 19.82082224489819 0.02662185956151575 b'r'
57356.16995831 19.953018220081038 0.010461762152417009 b'r'
57365.24717591 19.913830301563774 0.007640473105883672 b'r'
57372.2255289 19.963939918922463 0.010460162281294316 b'r'
57379.075623 19.92746088041128 0.019253039760684487 b'r'
57387.18087468 19.957118820104856 0.011662895429385145 b'r'
57394.14642884 19.925797856128575 0.012306254758364332 b'r'
57401.143450395 19.955360083648948 0.0062585242465788915 b'r'
57408.08073803 19.9284660246469 0.019215436053876545 b'r'
57426.14542296 19.86505220137687 0.014644298660989818 b'r'
57623.40133624 19.912517395748385 0.01529331203004247 b'r'
57627.39429889 19.978734463970433 0.027641885139800593 b'r'
57633.31533777 19.91797995121166 0.010070249851242608 b'r'
57637.34123452 19.903565061127388 0.011231853709698925 b'r'
57643.22036964 19.787807623912705 0.024694559389253357 b'r'
57644.21749897 19.995321879922038 0.03928771495210981 b'r'
57645.26184064 19.894123171558086 0.020595921885661284 b'r'
57653.36192865 19.93036491959412 0.01128178194662155 b'r'
57660.28210229 19.93311285121166 0.008530639810068408 b'r'
57667.15506977 19.923133534595323 0.009151686794844238 b'r'
57680.12820707 19.779549009152085 0.04219379973507387 b'r'
57683.11026214 19.775763008492305 0.015979927069146527 b'r'
57686.11071095 19.86010986268955 0.014335215242212485 b'r'
57694.18651908 19.89229969922615 0.009368718061296022 b'r'
57701.22781078 19.922715728111363 0.010047197123832063 b'r'
57708.2338469 19.9273719769741 0.020231889339907383 b'r'
57709.10087362 19.93222992042603 0.01710353089226402 b'r'
57714.26300294 19.865036700421943 0.01256139657245825 b'r'
57718.22608079 19.88155578630345 0.010382206498267266 b'r'
57720.04996186 19.904018399147883 0.010281538454329109 b'r'
57725.0602628 19.942356799050863 0.00968524325150355 b'r'
57730.21395405 19.93035772682814 0.013909804621654587 b'r'
57740.11411672 19.941441109030745 0.008124210953226907 b'r'
57747.11538251 19.941098416509597 0.007905906151670195 b'r'
57751.14539323 19.901168434296338 0.00954905795969907 b'r'
57756.18607481 19.870171299935095 0.009959416854890435 b'r'
57761.05683936 19.91390795738774 0.023862589951672675 b'r'
57770.15043224 19.961288598986506 0.012396179694711407 b'r'
57778.12476699 19.958101687672393 0.010632508775625382 b'r'
57780.12790139 19.948279715060675 0.01484704697757877 b'r'
57784.03628474 19.93334870473305 0.010876367936624831 b'r'
57791.09290946 19.997182781720955 0.017456153958683274 b'r'
57800.10087684 19.888902284732218 0.01289190785036709 b'r'
57989.35291629 19.87426163634447 0.034663597177015504 b'r'
57994.29062092 19.831844576218092 0.014194148763074564 b'r'
57998.3861706 19.907365278027815 0.013281099103643612 b'r'
58008.34750762 19.809845116832765 0.0181905530564066 b'r'
58015.2074189 19.681465497418138 0.014902236754622322 b'r'
58019.19660002 19.89759592911611 0.009525958531085621 b'r'
58028.16593675 19.931407934737955 0.026200996158038947 b'r'
58029.16396385 19.905324127305672 0.023078053019357725 b'r'
58036.20165411 19.927668290746023 0.01493226823048488 b'r'
58041.13080362 19.803925206819866 0.014254642817821406 b'r'
58047.15753932 19.86218856975391 0.01089608648683793 b'r'
58054.0966683 19.931093235715753 0.020704848490030514 b'r'
58057.32816729 19.866693682098372 0.008926883577004219 b'r'
58064.30564106 19.93622176292917 0.026161197553829396 b'r'
58071.29391713 19.867922143913333 0.009056043217597676 b'r'
58076.3241358 19.858594320744928 0.010061183016485844 b'r'
58082.25483476 19.858819253719485 0.00914663086166101 b'r'
58083.3011728 19.891698946873703 0.010761948702537438 b'r'
58086.06423539 19.732834091234487 0.024097157368245803 b'r'
58093.17413057 19.886551402850106 0.015734316518823732 b'r'
58099.18664813 19.786206505912055 0.01104764991448448 b'r'
58108.06365219 19.853003472934663 0.0078397334208411 b'r'
58117.17499099 19.89179053816316 0.01789236007610029 b'r'
58125.10924068 19.863742899102732 0.007206233217829094 b'r'
58132.12897793 19.85936636156223 0.008324629436653908 b'r'
58139.05615698 19.837595327266452 0.009416578214313631 b'r'
58143.09832684 19.804449582562818 0.016999886500787653 b'r'
58154.109455685 19.84366849648952 0.00819002847404344 b'r'
58164.04575884 19.852772364738698 0.00897143613489959 b'r'
58167.02865588 19.85380652021695 0.00949650382025169 b'r'
58372.31133012 19.878597806330617 0.008913432285645229 b'r'
58409.24754778 19.895728635909794 0.012324147838892685 b'r'
58431.21858805 19.925091839024756 0.009134031730543057 b'r'
58451.28147732 19.943372747717458 0.01104602880443295 b'r'
58454.16448457 19.949070606883225 0.009113327450315012 b'r'
56536.23061446 19.868914611972556 0.020920039057042317 b'i'
56543.23835125 19.943492609467704 0.013449769267154466 b'i'
56547.25854235 19.879104793860925 0.013498711324480439 b'i'
56551.22056056 19.715499455413223 0.026322274503698395 b'i'
56558.23616742 19.984404603039025 0.016755776261788924 b'i'
56563.18270896 19.93000087708552 0.012665921160188276 b'i'
56567.21015482 19.914548236246105 0.011677313172913983 b'i'
56575.18229681 19.928655272000274 0.010486592909092707 b'i'
56579.1715932 19.871276982058674 0.01866199611674091 b'i'
56590.33176305 19.841963389925105 0.027165809856917633 b'i'
56594.09485378 19.738851030111956 0.02321392105244513 b'i'
56602.10943341 19.938950681779232 0.01084184189486237 b'i'
56609.05898399 19.92796141819464 0.016919223566958408 b'i'
56625.20043026 19.917684152100392 0.011150472593971728 b'i'
56628.06663568 19.92747264721671 0.012929194560996393 b'i'
56635.11841092 19.929424393398364 0.013941667297309834 b'i'
56645.06863449 19.945147994944804 0.015597048298936045 b'i'
56649.15052989 19.886263800907802 0.013720495888502882 b'i'
56653.16535252 19.713274997637093 0.01958515961469232 b'i'
56660.07956948 19.92592789308496 0.011466427081870734 b'i'
56662.16212529 19.941583646144494 0.015747388288058772 b'i'
56667.10703168 19.887933074503472 0.016398634730414585 b'i'
56681.12549262 19.9192214795615 0.012305607046307898 b'i'
56685.17580457 19.83668089494481 0.02279357275739713 b'i'
56692.04898525 19.918023101655354 0.012264108663824658 b'i'
56698.05079897 19.938392005397887 0.016072183300199328 b'i'
56890.40488797 19.754402254859613 0.01829103447047231 b'i'
56904.28631451 19.758802350509697 0.014124933966762399 b'i'
56912.3616854 19.842804487267497 0.015196443980759256 b'i'
56920.29571385 19.876874798509295 0.009174304591656579 b'i'
56927.22583801 19.867219595731196 0.011825286713282424 b'i'
56933.24065424 19.780984759064793 0.11507027690899818 b'i'
56943.18247652 19.88111785553888 0.01248696189463061 b'i'
56949.3412186 19.866983851900653 0.010515689083586466 b'i'
56956.3559036 19.854900161562867 0.016586854683893648 b'i'
56961.36102701 19.920228540048214 0.015436348748121274 b'i'
56963.24623975 19.806715833108562 0.028129852889115625 b'i'
56973.17275052 19.880839520957913 0.011006807312341493 b'i'
56980.30759943 19.899881365506584 0.010927895042929237 b'i'
56987.30759967 19.887303737190646 0.014858396404090259 b'i'
56992.12692191 19.819297851290628 0.016551211696054224 b'i'
57004.04189638 19.865352792707206 0.025880265281394088 b'i'
57011.08938688 19.892506236912492 0.010355028438723936 b'i'
57017.24212748 19.861276749523434 0.014173700288374391 b'i'
57025.07616703 19.906632891091494 0.01831565381258926 b'i'
57032.14908074 19.876420446607046 0.013172510369013679 b'i'
57039.11680165 19.88970603043998 0.01116438592704938 b'i'
57043.15565673 19.885718045082942 0.019671045932025066 b'i'
57044.17348742 19.913321727030475 0.01299107376868136 b'i'
57048.142514 19.887533941637233 0.015588758577624874 b'i'
57051.14889043 19.91537787876299 0.017316387328815352 b'i'
57066.04747965 19.7598878527874 0.018021859357638448 b'i'
57067.10072014 19.893575822578832 0.014204173640958826 b'i'
57250.39510618 19.961426406884236 0.12227947436440091 b'i'
57252.29306571 19.763311516423535 0.017849475868530362 b'i'
57257.31303659 19.842816561493883 0.014897217734567647 b'i'
57266.27466387 19.760550873099632 0.02414423473347682 b'i'
57276.35801351 19.789369173564083 0.014313727495338213 b'i'
57277.39678585 19.79930552926777 0.013788882186233309 b'i'
57284.34262624 19.90787108372641 0.029285984671265197 b'i'
57288.21487377 19.71255244891601 0.02306124269889409 b'i'
57297.17794468 19.803380194345202 0.041512171621427285 b'i'
57302.29527904 19.79999623731355 0.014415929253900117 b'i'
57311.26065908 19.91251711025333 0.009877635653108285 b'i'
57317.17396219 19.787844471737152 0.017026337621842913 b'i'
57329.22908256 19.766966274143847 0.01720249941541141 b'i'
57331.09382544 19.88190749207218 0.015605805125559868 b'i'
57339.28590355 19.77507580829485 0.018149029979440456 b'i'
57345.33256015 19.785288131582668 0.017787525805449178 b'i'
57349.30326529 19.757337631598162 0.0255140121635975 b'i'
57356.17201462 19.915188182435134 0.011408608329691816 b'i'
57365.2492324 19.89227009189471 0.008048113798675871 b'i'
57372.22759717 19.904114542942224 0.02023366849532593 b'i'
57379.07768711 19.910293286050994 0.017997568375989204 b'i'
57387.1829511 19.89503182721908 0.013569705672928478 b'i'
57394.14848958 19.851468975742968 0.020933945044209423 b'i'
57401.145164205 19.918077369425106 0.00830162732991168 b'i'
57408.08280827 19.904021763590702 0.01765318859298759 b'i'
57623.4033994 19.836041234896783 0.015471957442493078 b'i'
57627.39636965 19.84109261694913 0.01944008870899694 b'i'
57633.31739419 19.887827452035374 0.013033421690050062 b'i'
57637.34329057 19.843850619155827 0.014786599140631296 b'i'
57644.21955613 19.732519420910812 0.030004250383004916 b'i'
57645.26389529 19.876274386740324 0.017915347178004026 b'i'
57653.36400058 19.908666487424863 0.011929860441949103 b'i'
57660.28415548 19.89502433224058 0.010286244108336007 b'i'
57667.1571489 19.883414287062706 0.012830565457939258 b'i'
57683.1123188 19.707936811323215 0.022942688029694125 b'i'
57686.11278608 19.750289437226368 0.021881874328304463 b'i'
57694.18859099 19.878712602087496 0.013627743173454832 b'i'
57701.22988739 19.864870704162506 0.011565743443576082 b'i'
57708.23589844 19.872788700751876 0.0181284797422947 b'i'
57709.10292831 19.845193458489774 0.01600034275666573 b'i'
57714.26506913 19.749511027495846 0.014795431845815443 b'i'
57718.22813406 19.782485795188315 0.013854079908405481 b'i'
57720.05201419 19.902389578293683 0.012354694413939882 b'i'
57724.21248818 19.892803071677616 0.016614513544976006 b'i'
57725.06231605 19.842707058005807 0.0139517162153453 b'i'
57730.21602587 19.78018873092774 0.019314585563936504 b'i'
57740.1161914 19.88673258456921 0.009403648007122456 b'i'
57747.11744105 19.895943387168334 0.011103958470904729 b'i'
57751.14747916 19.86583911596388 0.013471834056595355 b'i'
57756.18814207 19.826386476451457 0.013516830641076893 b'i'
57761.05891143 19.902495099304637 0.022602978508782456 b'i'
57770.15249749 19.927966738827145 0.01437958704219966 b'i'
57778.1268271 19.82214951981413 0.014904672833228718 b'i'
57784.0383489 19.913448277822567 0.01261118517675186 b'i'
57791.09496903 19.913504484792846 0.016128904369292485 b'i'
57800.10293947 19.82298785371276 0.01576994363201578 b'i'
57989.35497759 19.902112858586175 0.03156838167216591 b'i'
57994.29267966 19.83296569729258 0.018105704628936792 b'i'
57998.38823931 19.88464791846384 0.016561975833170095 b'i'
58007.26180739 19.652671281425825 0.0231466861964158 b'i'
58008.34957382 19.68710693695751 0.018909744393582173 b'i'
58019.19865948 19.885145463388497 0.012595867749148226 b'i'
58028.16799669 19.725450426569378 0.027834888086012203 b'i'
58029.16603368 19.795792007799474 0.023923471392766515 b'i'
58036.20371678 19.860639889263403 0.013852597013578105 b'i'
58041.13286768 19.780367301434502 0.019578097916728154 b'i'
58047.15959462 19.7733928549298 0.015787191917716825 b'i'
58054.09874267 19.86098362574132 0.02541868447244866 b'i'
58057.33022086 19.857786575989145 0.011900154276666797 b'i'
58064.30772091 19.824609057426713 0.01914202681524202 b'i'
58071.29598114 19.833975218696118 0.01199818103384942 b'i'
58076.3262179 19.810190219649474 0.013167254710715781 b'i'
58082.25689824 19.80632075654465 0.011755063328642734 b'i'
58083.30256152 19.85448940357989 0.016194725317454584 b'i'
58086.06631332 19.725351884592857 0.024496129614565376 b'i'
58093.17619909 19.79005149068437 0.016226763369154185 b'i'
58099.18872284 19.704296349041417 0.016921267174772936 b'i'
58108.06571276 19.834399534452874 0.0094036003868041 b'i'
58117.17705415 19.814952508401653 0.014583252507133437 b'i'
58125.11129582 19.834923033893322 0.00890722458584392 b'i'
58132.13103599 19.801876152308314 0.011165310054391142 b'i'
58139.05822103 19.80588267723987 0.010476360039398003 b'i'
58143.10039039 19.738204646814857 0.01636640360844055 b'i'
58153.11781458 19.828086027776106 0.018090010016507563 b'i'
58154.10653049 19.751699629196274 0.014988690755984635 b'i'
58164.04781813 19.805789550090957 0.010888755489915525 b'i'
58167.03072636 19.81579190150657 0.011665548657493474 b'i'
58372.31304879 19.859032352319183 0.012707718291807168 b'i'
58409.24927232 19.802340397190058 0.015958663128699868 b'i'
58431.22032155 19.88632233188651 0.012706134835600125 b'i'
58448.29162486 19.92956662438575 0.017623226569259742 b'i'
58454.16621357 19.905231592363624 0.013443076095871476 b'i'
