MJD_OBS MAG MAG_ERR BAND
56534.18525725 23.199298867883755 0.09824192798059528 b'g'
56543.10525006 23.13421957476202 0.1548278622527519 b'g'
56563.05038448 23.167050046142542 0.11595856466072973 b'g'
56568.04160579 23.123521739258322 0.19305813584622555 b'g'
56575.01433457 23.404030358781117 0.15519986572111222 b'g'
56579.01254427 23.232395447900316 0.2681341986787267 b'g'
56592.07329448 23.33969061467029 0.17686655405984908 b'g'
56594.01242014 23.125216772264093 0.12907460095214063 b'g'
56602.01324238 23.23828561508868 0.11059099096225822 b'g'
56609.02622455 23.42193090452307 0.2598271684981732 b'g'
56615.06750618 23.470632419527103 0.26752765854460847 b'g'
56625.14834621 23.440069481243015 0.09348403865296007 b'g'
56628.03376122 23.2826517622252 0.12944885637046255 b'g'
56635.08343196 23.229271169939487 0.20040511286676121 b'g'
56649.05071368 23.374440039106517 0.10076754560114054 b'g'
56656.04670394 23.160553130853764 0.13616746272816016 b'g'
56891.37719244 22.929448676122686 0.08732921227345969 b'g'
56920.07474222 22.990544069569527 0.10223370558860267 b'g'
56925.15799977 22.940899609540146 0.18853159681338383 b'g'
56943.0180281 22.852964751002926 0.09321077031011527 b'g'
56956.00811989 22.96721193080442 0.0818507704082343 b'g'
56960.17070443 23.108406994022534 0.1125286073274907 b'g'
56973.02078094 22.89295790403197 0.1052335970677305 b'g'
56980.03745484 23.025688943285207 0.06843379746426592 b'g'
56987.04146497 22.80372315645602 0.10387418913635571 b'g'
57002.05011183 23.04477256680837 0.11004556668252619 b'g'
57011.055966 22.995631088658136 0.09491969888291862 b'g'
57042.08816102 22.995093337483734 0.16253526586239175 b'g'
57278.18539721 23.151740491753582 0.12792266995524315 b'g'
57315.16316551 23.381429595022414 0.20831244947640926 b'g'
57325.00952538 23.103558229642353 0.09831679607901478 b'g'
57329.02847203 23.110483539124004 0.11173616145797637 b'g'
57356.12013504 23.34742576465108 0.10572707927086356 b'g'
57366.03850317 23.313187712815175 0.10319250702431759 b'g'
57389.05716546 23.335504680614168 0.145652034804435 b'g'
57396.04447411 23.15149583714447 0.203724294493572 b'g'
57629.2274611 23.200137014728316 0.09066954220969947 b'g'
57633.22495197 23.22163831091793 0.12474044838880971 b'g'
57636.20881072 23.09934166540272 0.17228956893458047 b'g'
57637.21710252 23.15230277189394 0.1355303950311999 b'g'
57657.20832835 23.230735946429874 0.09543642268953079 b'g'
57666.03514384 22.94800734215634 0.12253418854304599 b'g'
57671.00739619 23.146330765757025 0.22422930906570568 b'g'
57682.01626341 23.05109571700759 0.10200948277127964 b'g'
57686.02035913 23.0831605877019 0.1035681312643888 b'g'
57690.09593703 23.006855692739524 0.12076297606733631 b'g'
57694.02475984 23.031059984583774 0.08643918562727393 b'g'
57701.03942335 22.957599446123623 0.18616983574235846 b'g'
57714.0569117 22.984252430909873 0.07870786014256836 b'g'
57718.0417159 23.023278712053017 0.10363751462484672 b'g'
57719.04530618 22.94964839573438 0.08795102420154777 b'g'
57730.05256866 22.90442054383256 0.12204624780175877 b'g'
57752.05907336 22.922245469167585 0.0746848517921137 b'g'
57981.21672658 22.527001765201277 0.1016746975092957 b'g'
57985.23821251 22.445675868989476 0.05807938862190554 b'g'
57990.24413175 22.641856491587564 0.0530909352148754 b'g'
58014.07756244 22.690941434185504 0.0637275349429629 b'g'
58021.0604333 22.48894258892308 0.13564067971501714 b'g'
58036.01892311 22.609551409096895 0.07846824560446919 b'g'
58040.03448104 22.640283816345647 0.08958061859727451 b'g'
58045.01578859 22.534270296974544 0.1054617769837094 b'g'
58052.01860166 22.58682211465108 0.11373746018044883 b'g'
58057.02660307 22.46686131617949 0.2148444960364344 b'g'
58064.02727266 22.7273802743536 0.07468379341408138 b'g'
58072.19897146 22.67237628051105 0.09414181759104068 b'g'
58076.10703974 22.41750360123642 0.08800245989072053 b'g'
58081.11504607 22.686312126384127 0.07748372854844021 b'g'
58093.05357512 22.59300289627314 0.056743617899250864 b'g'
58099.14396657 22.779398115322344 0.21430208900390468 b'g'
58107.10007776 22.455073599104118 0.07571379116136256 b'g'
58134.04137485 22.771568830011752 0.11667855400304461 b'g'
58372.26317869 22.636951048121816 0.07150678535419175 b'g'
58401.04783602 22.659395338882913 0.06897683645998498 b'g'
58431.10891515 22.723228008924906 0.07452294794891756 b'g'
58450.1730789 22.635198078037426 0.0681667085576224 b'g'
56520.2382323 22.831506248052577 0.09882733219057371 b'r'
56534.18760258 22.891848165936082 0.09074016497248749 b'r'
56538.14958731 22.99371563351732 0.09424709001412523 b'r'
56543.10761578 22.866642958098613 0.1664267362876899 b'r'
56563.05273058 22.6461758203029 0.14176925995966627 b'r'
56575.01669829 22.646415824071696 0.10955103734526261 b'r'
56578.26286915 22.929441125494826 0.12233007112078553 b'r'
56579.01492112 22.64983012043078 0.17029892187339257 b'r'
56590.01340907 22.91787754231901 0.21360217084328426 b'r'
56594.01478026 22.931214499712553 0.10459487813096757 b'r'
56602.01560672 22.902155868148313 0.11660434930031018 b'r'
56609.02858898 22.795065594962054 0.12614599366235524 b'r'
56615.06985163 22.882840802551332 0.15579461893617008 b'r'
56625.150719 22.75811228278614 0.10260442889741128 b'r'
56628.03612763 22.954314290515423 0.10459114041128004 b'r'
56633.15999087 22.870229394714453 0.12317207441160605 b'r'
56642.04358489 22.657738862588314 0.22845887829325306 b'r'
56649.05310541 22.806400501074794 0.07557667633172825 b'r'
56656.04906289 22.99827964066849 0.09418967492716135 b'r'
56667.04792001 22.8742465374407 0.18311755989204315 b'r'
56887.21331552 22.65979343557568 0.06634608398380948 b'r'
56891.37955193 22.731000607831756 0.11012928390478292 b'r'
56912.09846051 22.458962070811282 0.12498767203591045 b'r'
56920.07710056 22.534904255956057 0.10162780557057971 b'r'
56925.16034257 22.466097437587447 0.10745448226756693 b'r'
56943.02038615 22.49475156068109 0.11156009589973337 b'r'
56956.01046727 22.650082209609103 0.07916710573102037 b'r'
56960.17304073 22.684675644341038 0.108127937707021 b'r'
56973.02313508 22.670268167297014 0.09137143431343375 b'r'
56978.21250945 22.54117867890969 0.1515135687575011 b'r'
56980.03980992 22.741917755700438 0.07561641726115909 b'r'
56992.04864985 22.844239506061665 0.16258241980657218 b'r'
57002.0524659 22.842140194972096 0.0866290111665613 b'r'
57017.07592319 22.76564450051788 0.10591146994087808 b'r'
57025.05940896 22.476562563129562 0.20719055044842705 b'r'
57030.09293178 22.520410291013086 0.18306594931082998 b'r'
57049.04362312 22.73598409018278 0.20950632226842814 b'r'
57273.31601594 22.961824134917375 0.12221981093101775 b'r'
57278.18775849 22.966546406078553 0.1261403529184406 b'r'
57297.04546027 22.80436196224706 0.1711567748767635 b'r'
57325.01187698 22.689881305239354 0.1321478477325826 b'r'
57329.03082074 23.005854414135605 0.14986810497099157 b'r'
57334.22617088 22.674893847591733 0.12260322246331512 b'r'
57340.06579218 22.774955340628807 0.10245636958947557 b'r'
57356.12249877 22.698517533299484 0.07785867159848792 b'r'
57366.0408607 22.714809985030506 0.1249829634827897 b'r'
57385.09485162 22.73197784950798 0.13630926308733038 b'r'
57403.04700967 22.918991278309203 0.13977692199352632 b'r'
57614.21004626 22.546959076287003 0.17372744752056946 b'r'
57633.22730846 22.75707758926194 0.09039217661540278 b'r'
57653.07007664 22.755506593951 0.12928476729334903 b'r'
57657.21069054 22.70096019754253 0.09829782512359486 b'r'
57666.056931205 22.681323970981715 0.09347093079694471 b'r'
57680.01855455 22.557066311302226 0.15484457918876515 b'r'
57682.01864054 22.437460614319555 0.13213411978707157 b'r'
57686.02271716 22.41174857093069 0.1310644802459251 b'r'
57694.02712314 22.718753192483515 0.0941708462631432 b'r'
57708.06540656 22.502513388455174 0.15484764171054266 b'r'
57714.05925441 22.562663305440157 0.0899979786189462 b'r'
57719.04766241 22.7054620762761 0.09680420548034263 b'r'
57723.13194106 22.627321586428756 0.12002842973473093 b'r'
57740.05933101 22.461921945804104 0.06115948450743858 b'r'
57753.0806608 22.530091020724456 0.10644183184422573 b'r'
57760.05279916 22.603444577618376 0.11923535810870334 b'r'
57773.04874925 22.46393686832474 0.08637122079993986 b'r'
57990.24649597 22.232399764920135 0.06105008385496902 b'r'
57994.31870662 22.378989572851122 0.0877588006115495 b'r'
57998.12687047 22.527287464281805 0.14314678374262613 b'r'
58007.10116755 22.433367889523517 0.08956753357476188 b'r'
58014.07992524 22.337451919210732 0.06344979612616086 b'r'
58021.06279828 22.319245150399787 0.1325053881557352 b'r'
58036.0212698 22.255780220544445 0.09138588497834377 b'r'
58040.03683264 22.579658043777975 0.13361112164904654 b'r'
58045.01814647 22.305743366306313 0.10053268551924788 b'r'
58052.02096902 22.48090954355441 0.09086923520051826 b'r'
58064.02961975 22.543439216927986 0.0705848218798586 b'r'
58066.17759819 22.575219935916824 0.10313300661398728 b'r'
58071.04222343 22.307245489607602 0.07839758533974361 b'r'
58076.10939571 22.3589378493579 0.08413137006157712 b'r'
58081.11740517 22.252358704471764 0.0740520807481495 b'r'
58085.11199626 22.447375976132843 0.1716575838523262 b'r'
58093.05593304 22.463773315443177 0.06185554636402202 b'r'
58099.14634009 22.28348754651958 0.14947135073259687 b'r'
58107.10245102 22.38252567044366 0.07518684564110245 b'r'
58127.05029141 22.43901167165037 0.08643365288032001 b'r'
58134.04372602 22.49709843389904 0.09895997088920083 b'r'
58372.26489375 22.35645750777295 0.08639865879747788 b'r'
58401.04958389 22.426036299036717 0.08681100097944139 b'r'
58431.11063505 22.560101091454904 0.08064444426620554 b'r'
58450.18190855 22.534207372185964 0.08549999975127065 b'r'
56520.24030989 22.175210991476142 0.09413102624467129 b'i'
56534.18967117 22.267602767717328 0.06920911026351106 b'i'
56543.10969791 22.200497345970177 0.13454175199312246 b'i'
56545.39743537 22.07416248520024 0.08596093243800595 b'i'
56547.09860424 22.116758032919297 0.10898735516517988 b'i'
56563.0548115 22.23364554697671 0.11524216291887157 b'i'
56575.01876246 22.19728000232125 0.08187050076779911 b'i'
56578.26423749 22.328195684842505 0.16354351360249453 b'i'
56579.01698275 22.00930131408942 0.14436055614801901 b'i'
56594.0168534 22.272400438953124 0.13274594391119265 b'i'
56602.01768224 22.10235460160534 0.09536267409254151 b'i'
56625.15281594 22.05048006541921 0.08486535440024312 b'i'
56628.03823398 22.182777449514713 0.07511013366999819 b'i'
56635.08787682 22.075083934543464 0.12893314484119855 b'i'
56642.0456688 22.025410560429055 0.20249504537888896 b'i'
56649.05518252 22.197594328690016 0.07944610228643256 b'i'
56656.05115031 22.209991673590736 0.09116433683688285 b'i'
56675.06216084 22.188142829376165 0.18075244201400764 b'i'
56682.05786435 22.319933777363673 0.12639802647881027 b'i'
56687.05772012 22.21466364013898 0.1436849237071911 b'i'
56695.03541671 22.149225604102856 0.1444431420071055 b'i'
56887.21538014 22.208731754568618 0.06114020174653234 b'i'
56891.38162205 22.097575825120344 0.10934593936827497 b'i'
56903.12467968 21.993539118716754 0.18541197399075315 b'i'
56920.07916962 21.975967424969248 0.08456557167184187 b'i'
56925.16239904 22.140823577669607 0.07323753847444792 b'i'
56930.13187726 22.144721369394254 0.06706911301468566 b'i'
56943.02246494 21.95066160789081 0.10627085379366008 b'i'
56949.03184933 22.208897731877496 0.09144619578870561 b'i'
56956.01253673 22.12089107579143 0.07677816630639356 b'i'
56960.17510419 22.04383165467763 0.08465889996817211 b'i'
56973.02520316 22.119865153213816 0.08141027161419956 b'i'
56976.20518337 22.07965016310647 0.178181201411725 b'i'
56982.06435153 22.24802609379337 0.16491776485812437 b'i'
56987.04586573 22.131879825285356 0.07390992114321548 b'i'
56992.05070299 22.119680166007498 0.11452906926346529 b'i'
57002.05452925 22.241368727069123 0.08258497126900721 b'i'
57011.06038809 22.092946124365273 0.07455893537056113 b'i'
57017.07798067 22.212744376299483 0.11203907480091857 b'i'
57030.0949955 22.05675822241281 0.10746360467493332 b'i'
57037.07822341 22.24602939238232 0.0961057349240626 b'i'
57042.09258269 22.257708249449323 0.1297430868274887 b'i'
57235.18171192 22.063814825513546 0.20474156501682117 b'i'
57265.22734223 22.045841857507433 0.15363936560883573 b'i'
57273.3180809 22.159020238501228 0.06207729924440742 b'i'
57278.18983727 22.041080031270745 0.07543688455006148 b'i'
57283.13348839 21.87629698894877 0.14696116531562353 b'i'
57291.0832247 22.174411309156056 0.16369639564184268 b'i'
57305.06849263 21.93849049928304 0.15681612967155445 b'i'
57315.16760903 22.235527593978517 0.17866840393263317 b'i'
57325.01394385 22.095398590093204 0.1106249423407597 b'i'
57329.03289402 21.870359933289045 0.11261218071214074 b'i'
57334.22824225 21.931351085290284 0.08696949778877894 b'i'
57340.0678575 22.17758251539088 0.09457627867416463 b'i'
57347.08084908 22.241146279411247 0.10886981364688708 b'i'
57356.12457718 22.061479731271632 0.07272473620667341 b'i'
57366.04292527 22.207483652266134 0.08591496990671743 b'i'
57373.04001333 21.94950765815627 0.14247116915950286 b'i'
57385.09691707 22.24569892033343 0.08929267869679691 b'i'
57389.06158309 22.147570707678206 0.10792620048813717 b'i'
57403.04908065 22.06557041332434 0.09420123346494336 b'i'
57614.21212216 22.0385687835928 0.12724779335624703 b'i'
57623.22594473 22.029231549199835 0.09948359834580245 b'i'
57629.23188798 22.175236542172158 0.06230584445025401 b'i'
57633.22938217 22.133099579931347 0.08284844485188003 b'i'
57636.20743071 22.143771970797257 0.1473044024626624 b'i'
57637.22154768 22.107323776836115 0.11049870237286541 b'i'
57641.09414254 21.875347453752443 0.12857944988734715 b'i'
57657.21275945 22.072674957888992 0.1100092718132295 b'i'
57662.2434126 22.187857039001155 0.09142953103476614 b'i'
57666.03956847 21.893410192313052 0.12019876240759686 b'i'
57671.015795285 22.22431314703329 0.09112691294235455 b'i'
57682.02068858 21.9368039397005 0.1496980036220279 b'i'
57694.02918845 22.033205002748225 0.07988086741089617 b'i'
57701.0438402 22.058371380532805 0.1153684889857729 b'i'
57708.06746593 22.232743289852802 0.10170152399580346 b'i'
57714.06133425 22.16181438702593 0.07411937149842984 b'i'
57718.0461469 21.882010501286626 0.08033749144692237 b'i'
57719.04972782 21.96194238981364 0.07568720557926056 b'i'
57730.05698994 22.095566486961673 0.11394918404801402 b'i'
57740.06139349 22.076236268782118 0.05231755257444348 b'i'
57741.04422513 22.0648118807875 0.12629648273652805 b'i'
57747.06092039 21.981200314987134 0.0572474839338355 b'i'
57752.06351042 22.01049053585139 0.09336760621197726 b'i'
57760.05486128 21.88188711241364 0.0967330824400463 b'i'
57773.05082212 21.941124027802957 0.0678067091373542 b'i'
57981.22112824 22.107035099374777 0.24732639360405173 b'i'
57985.24265882 21.746525615947277 0.06608322066751526 b'i'
57990.24855485 21.905680928322624 0.07372840118172164 b'i'
57994.32077826 21.807060529968265 0.0943032935801007 b'i'
57998.12894039 21.94562902346031 0.09341832156773222 b'i'
58007.10322993 21.903492830452805 0.10344618925102012 b'i'
58014.08198194 21.860832445367468 0.06302614913044735 b'i'
58021.06486074 21.910900864682677 0.1143600701782077 b'i'
58036.02333656 22.04281177950277 0.09528589413115895 b'i'
58040.03890371 21.77154440920078 0.13239425413355121 b'i'
58045.02021191 21.750748707766736 0.09279034573683731 b'i'
58052.02304428 22.126493186352885 0.0844856147439117 b'i'
58057.03103024 21.90648254653825 0.11679025713221591 b'i'
58064.03168229 21.998794422239907 0.085722790696515 b'i'
58066.17896932 21.86583311008385 0.1157241286284254 b'i'
58071.04428107 21.999830679939237 0.06793988791521244 b'i'
58076.11147116 22.11083466572907 0.07520691718626082 b'i'
58081.11946339 22.005255236724107 0.07322315000347146 b'i'
58093.05799953 21.946133950196103 0.06923219335126873 b'i'
58099.14839774 21.960970016685174 0.19306638322640524 b'i'
58107.10453641 21.992677019422995 0.08340037846750903 b'i'
58124.09446162 22.11858722769911 0.0635680492003381 b'i'
58127.05235415 22.125395106670823 0.09185375885055436 b'i'
58134.04579981 21.951232591304503 0.09290256122410767 b'i'
58372.26661119 21.98405177966357 0.07478795547342543 b'i'
58401.05130673 21.998946525852592 0.09872735238056052 b'i'
58431.11235692 22.000024320561774 0.08395149706591454 b'i'
58437.16423701 22.212398553611564 0.13623604302335934 b'i'
58450.18362564 21.968201467555943 0.08162638264009203 b'i'
