MJD_OBS MAG MAG_ERR BAND
56563.21442903 22.831582456642625 0.06733630689775438 b'g'
56567.17108007 22.921214466058714 0.0815972600796755 b'g'
56594.10471237 22.83337436738021 0.09416251060290648 b'g'
56602.07712309 22.64720470134198 0.06086242680170174 b'g'
56616.05929527 22.713142238744567 0.15471528654977362 b'g'
56627.124232175 22.735622972018415 0.05339265484994211 b'g'
56635.04039533 22.717806150078903 0.1425706003067333 b'g'
56645.04977026 22.67560483209583 0.12345471420903209 b'g'
56649.11827883 22.672920704533894 0.08504068169350631 b'g'
56653.09994662 22.82371845418139 0.1145658192011112 b'g'
56660.04722263 22.68173803250956 0.09368523611067303 b'g'
56675.04293128 22.669427434065366 0.1379360480505767 b'g'
56682.03895828 22.70087988491794 0.10626241489229216 b'g'
56687.03862333 22.734492520146446 0.1415293193935767 b'g'
56694.03192676 22.70720550034168 0.20616497993988148 b'g'
56890.32816862 22.7677544152318 0.06781053624707312 b'g'
56923.3153983 22.837037196949865 0.0962977967653238 b'g'
56924.31670568 22.641539589658407 0.07612266597116957 b'g'
56927.28034363 22.909598328149578 0.09011625318829175 b'g'
56932.21748548 22.86728148956064 0.102620981269272 b'g'
56943.20180649 22.83278826656646 0.13824370281663434 b'g'
56952.11774662 22.584358153732776 0.07600289312426867 b'g'
56964.21531627 22.783879590788864 0.16106702665907946 b'g'
56973.18307285 22.702445652411974 0.09403900030165246 b'g'
56980.17867779 22.71806296794291 0.05671844189676989 b'g'
56987.17992482 22.580408727477074 0.05856814454312698 b'g'
56990.18052967 22.67042909745247 0.11173055793317133 b'g'
57001.14650543 22.594861814211203 0.1926506542768891 b'g'
57003.04268242 22.833184717055097 0.07004262388210947 b'g'
57011.07065625 22.813136610640555 0.05787595281655555 b'g'
57018.04292847 22.679569649244378 0.157644577766483 b'g'
57029.06564567 22.78182736844395 0.1310026664089179 b'g'
57036.05068902 22.765405675073758 0.08243866060185566 b'g'
57042.07353677 22.613075699542893 0.08681265495696167 b'g'
57049.06518968 22.68484125399248 0.2574517082176335 b'g'
57277.30738532 22.409727541792257 0.06763141792126248 b'g'
57284.32380317 22.447680527628577 0.07278160237517284 b'g'
57299.21793666 22.678228184959323 0.16119397995015206 b'g'
57303.16618709 22.683952439039547 0.14133315528759383 b'g'
57304.20522842 22.479951414770692 0.09417188453230096 b'g'
57311.29366614 22.62908252489131 0.06436332170099135 b'g'
57315.20571904 22.557659464428994 0.0829196051604093 b'g'
57329.16868387 22.651920450496178 0.061621584960963816 b'g'
57339.11740224 22.56313880023817 0.07672060824276272 b'g'
57345.22678645 22.526907789672812 0.06727618378788947 b'g'
57637.27178996 22.304705062801755 0.06489267480619887 b'g'
57643.38058392 22.24602174713455 0.08476602478306816 b'g'
57653.30543171 22.420797712942424 0.10807753982378898 b'g'
57656.23895383 22.40835964965569 0.07923666201937252 b'g'
57657.38141749 22.32038394090541 0.059276634032613636 b'g'
57663.30674646 22.236844642397635 0.05953098223917763 b'g'
57670.12177779 22.0966299478426 0.10922563488594506 b'g'
57684.11212984 22.091378821073533 0.0629741256135894 b'g'
57687.29697247 22.03191164015443 0.06992226397454715 b'g'
57688.15470256 22.09756283827989 0.0411272727269143 b'g'
57695.09246022 22.08990264402284 0.0678492206717074 b'g'
57702.09070737 22.362909274048036 0.14551034147729425 b'g'
57714.23755852 22.06979212129472 0.06037166824414442 b'g'
57718.17915362 22.069803656231443 0.04253913743789539 b'g'
57721.13425032 22.061985759660566 0.05392482546121612 b'g'
57723.07683853 22.084919076086337 0.056907465347471486 b'g'
57739.16813527 22.38932244166037 0.12806547083741293 b'g'
57746.04338473 22.097283720412086 0.04470645483235813 b'g'
57750.12396873 22.10713592652469 0.05057560178510556 b'g'
57756.0780291 22.038053397201466 0.06342985923655675 b'g'
57770.05084575 22.052101149136345 0.04385948403743711 b'g'
57782.05371052 22.106025148985566 0.06032208492671032 b'g'
57986.30066655 22.697959123111552 0.07234550416884389 b'g'
57996.35387954 22.416788770373472 0.14179089668501632 b'g'
58010.22641608 22.550772234804047 0.07231677789898683 b'g'
58015.23272915 22.54006490851867 0.10550000610041721 b'g'
58039.20044799 22.475225941242037 0.05489932747015658 b'g'
58044.29905314 22.607548683517667 0.06834949924907363 b'g'
58052.20401874 22.553216733516116 0.06665839883167379 b'g'
58064.18879986 22.64389830124494 0.14107247112451304 b'g'
58071.17719077 22.545756884081364 0.07483104933049134 b'g'
58076.19782221 22.65385333841696 0.08222615851585502 b'g'
58080.15103724 22.638231079053014 0.0816301548222036 b'g'
58082.17350415 22.658978343311723 0.08247961085643851 b'g'
58092.0612087 22.775080208187436 0.26236953347764214 b'g'
58097.14039579 22.59858727539892 0.08213465283792587 b'g'
58102.05419261 22.581785896252633 0.08967997842857045 b'g'
58109.06973417 22.61687436827548 0.053107038527159034 b'g'
58113.09041158 22.76462176359243 0.11580488333937211 b'g'
58122.1141673 22.46835477388185 0.19528849480277444 b'g'
58129.09484949 22.735811540638128 0.09343435930343702 b'g'
58134.08890847 22.569241831209272 0.09020295972735681 b'g'
58372.29640625 22.793489997660096 0.06792951646860601 b'g'
58431.16972839 22.829593934497222 0.07019446909645666 b'g'
56534.27491539 22.681128737029965 0.06459049543066357 b'r'
56563.21680791 22.558509947797596 0.07416250593199436 b'r'
56567.17345569 22.47590356403639 0.08667492921005504 b'r'
56575.15231323 22.713571759020745 0.09029165607681122 b'r'
56579.1415469 22.743262911518734 0.1312058018514115 b'r'
56590.29928636 22.65639787350122 0.18006001067745103 b'r'
56594.10707723 22.554407253780038 0.09850608536608263 b'r'
56602.07951107 22.660048413828164 0.07287692397342482 b'r'
56627.0390147 22.523663621720267 0.06228917289420721 b'r'
56635.04275967 22.52376418281201 0.10072972891116905 b'r'
56645.05216995 22.622455578354117 0.11490177985474403 b'r'
56660.04957757 22.729398267940375 0.09162659290164044 b'r'
56675.04530508 22.608001356017954 0.11872437271300386 b'r'
56682.04132571 22.746256178320884 0.14593775780998897 b'r'
56890.33051587 22.343017636862395 0.09971121367942004 b'r'
56923.3177462 22.331907813982713 0.12126465877078019 b'r'
56927.28270873 22.441541257593528 0.10776991129813496 b'r'
56930.28218476 22.450469301162524 0.08082498460276 b'r'
56932.21985709 22.55595263369884 0.10339963244193484 b'r'
56952.12009572 22.391757385350108 0.07130605006384627 b'r'
56957.10614385 22.573924949579986 0.11813886318635268 b'r'
56964.21766839 22.426698785087975 0.11419958918819262 b'r'
56973.18543443 22.554714292347033 0.0842986744840637 b'r'
56980.18103397 22.472831974845604 0.0656271591106119 b'r'
56987.18226769 22.36029145219764 0.06742709239544098 b'r'
56990.18289717 22.526912823349857 0.12219135830590487 b'r'
57003.04502921 22.499784407860595 0.08100321921308051 b'r'
57011.07302528 22.562499307175067 0.06077961288954725 b'r'
57018.04529278 22.624056089148286 0.1282269629633923 b'r'
57036.05305713 22.456102545174872 0.0672454569353178 b'r'
57042.0758959 22.605432627634592 0.09466444995953793 b'r'
57248.39078037 22.327536464260724 0.11388873787259257 b'r'
57252.30522053 22.221669366133554 0.06925235788263251 b'r'
57256.2948093 22.17919968982045 0.12272107765288709 b'r'
57265.28845466 22.12147914919388 0.19623004243072728 b'r'
57277.30973616 22.113681710024153 0.06701991538434982 b'r'
57284.32614567 22.273420028260237 0.09909663520877388 b'r'
57303.16855064 22.226167583676244 0.12104199735360764 b'r'
57304.20760232 22.277476269836004 0.09275170382332476 b'r'
57311.29601161 22.4218995326679 0.06937329366813216 b'r'
57319.13443951 22.411549911128063 0.12603946697544544 b'r'
57329.17104264 22.449574877622943 0.08762256385652378 b'r'
57339.11975826 22.371618625001442 0.08121406391689233 b'r'
57355.21230785 22.168895538418408 0.0985237982186824 b'r'
57365.10980652 22.212561514648115 0.04762262637852288 b'r'
57372.10195191 22.091782972342447 0.0610310439847872 b'r'
57389.11141607 22.066263998448903 0.05210574887043862 b'r'
57643.25822897 22.175073455649628 0.12071005336504825 b'r'
57644.37483501 22.080128379936166 0.1438725371781011 b'r'
57653.30779694 22.10068552657152 0.07564160308715984 b'r'
57655.28414359 22.11646791575341 0.07694238891275162 b'r'
57663.30910343 22.149352112987675 0.05850866718680692 b'r'
57684.11448172 22.05974854429599 0.0663251921108845 b'r'
57687.29559725 21.886271870017083 0.08485962641040246 b'r'
57688.15705937 22.039612847580788 0.05415691514783205 b'r'
57695.09481699 21.975033279129278 0.08080881261498263 b'r'
57702.0930785 21.93437383113717 0.09530168811457074 b'r'
57709.1620067 21.94838125338244 0.09905619143439992 b'r'
57714.23991427 22.06150528271195 0.06690120571253289 b'r'
57718.18151724 21.885217980679066 0.04227267385699918 b'r'
57723.07919533 21.882574031743808 0.049610492941653206 b'r'
57739.17049014 22.106262808800178 0.08015720271706428 b'r'
57746.04573466 21.925054861168245 0.04110343403987571 b'r'
57750.12633807 21.930749565893482 0.051530903304986 b'r'
57756.08038386 21.90028342547452 0.05191865544236762 b'r'
57770.05322472 21.962507937822963 0.044763043742825914 b'r'
57778.05030147 21.92050094941776 0.06312584788093645 b'r'
57782.0560822 21.968056911446247 0.06873046626782298 b'r'
57986.303008 22.311395956953717 0.09781615425297474 b'r'
57991.27551803 22.53216549242669 0.20061102338626569 b'r'
57996.35623731 22.468222445405477 0.18378204742465343 b'r'
58010.22877104 22.365596667724386 0.0708958053997577 b'r'
58015.23508709 22.355344277958398 0.06822561130677585 b'r'
58021.27994285 22.276775828420014 0.07990954461547517 b'r'
58039.20280354 22.20774433000778 0.062385238901082836 b'r'
58044.30140543 22.230988119469714 0.073863441781711 b'r'
58052.20639267 22.320805492670345 0.0804024351229522 b'r'
58057.19123751 22.3199462413888 0.11531032794433571 b'r'
58064.19116807 22.209428743949662 0.13368967812593624 b'r'
58067.22122417 22.324100024643478 0.11031646905208703 b'r'
58071.17954965 22.52488641739883 0.06906301198972997 b'r'
58076.20017115 22.21233012728965 0.07955995502143409 b'r'
58082.17585903 22.48356262440184 0.08404014857973863 b'r'
58097.1427453 22.431122003219023 0.06541191359369947 b'r'
58109.07210065 22.333466128949297 0.07585059843514941 b'r'
58113.09277865 22.446717979572586 0.08395933355576446 b'r'
58129.09721025 22.480202748735756 0.11103806020425111 b'r'
58134.09126918 22.526402262254525 0.08491825750893156 b'r'
58409.22795891 22.498192131114294 0.09813197799907059 b'r'
58451.20754866 22.241316329817064 0.07414667128211505 b'r'
58453.15740825 22.35963718168757 0.05468496079161511 b'r'
56538.32988669 22.56258742515494 0.09780192115020014 b'i'
56543.30009032 22.491619248598706 0.09346868972310673 b'i'
56550.25074428 22.216571083360098 0.14775756152944552 b'i'
56563.21888135 22.265240541188323 0.09115595303643431 b'i'
56567.17554272 22.407192096902406 0.10320735433671047 b'i'
56575.15439532 22.399685691507564 0.08271603895394009 b'i'
56579.14362511 22.489527931431354 0.12314116599606706 b'i'
56627.04108444 22.371560087558375 0.0680973305627326 b'i'
56635.04486459 22.468446440642964 0.10328285664509096 b'i'
56645.05425054 22.424940122955064 0.10652432127832155 b'i'
56649.12273894 22.301988518596648 0.1320310695333866 b'i'
56653.10439718 22.384667922496327 0.08795608020289691 b'i'
56660.05166064 22.370873667554477 0.08569795515386502 b'i'
56682.04341177 22.45380766869736 0.10253317733895528 b'i'
56687.04305232 22.381864210045993 0.13603300736611956 b'i'
56694.03637159 22.285349694250264 0.14392032516652264 b'i'
56888.41974149 22.33614550655374 0.11843041309317215 b'i'
56903.3876786 22.35247475482258 0.15711995906976384 b'i'
56923.31982588 22.25566199243292 0.11968980012285613 b'i'
56924.31395172 22.430667116506328 0.09824533356335508 b'i'
56927.28477319 22.228233907866862 0.08125137022634732 b'i'
56952.1221554 22.37657905730454 0.11145853274080864 b'i'
56957.10820318 22.32737609351199 0.11815046681276442 b'i'
56959.10454345 22.275609940400987 0.08918835727024188 b'i'
56964.21973556 22.4597958402154 0.12367168394138517 b'i'
56980.18309052 22.420676414957764 0.08926213048313159 b'i'
56987.18432131 22.23072857041757 0.09546101610148128 b'i'
56990.18497199 22.5564221492896 0.16737778179462737 b'i'
57003.04709966 22.470739076000065 0.09197316599001937 b'i'
57011.07507641 22.25467704565081 0.08552780031646989 b'i'
57036.05512803 22.316134158873083 0.09462786479862828 b'i'
57042.07794813 22.25529266262699 0.08192615556907157 b'i'
57049.06961398 22.477874095565518 0.1806813749845091 b'i'
57248.39284514 22.0235563345811 0.1334730403673703 b'i'
57252.30727805 22.211950320889997 0.09221676767944231 b'i'
57256.29686649 22.213164712708313 0.09547242149623969 b'i'
57276.31423819 22.17896073759323 0.13006586546152832 b'i'
57277.31178213 22.007743296926158 0.07548184094231303 b'i'
57284.32821704 22.120211615129875 0.09561537592489344 b'i'
57288.20063504 22.07223445778485 0.14594725621956428 b'i'
57291.22634561 22.171528644425415 0.14120241660884147 b'i'
57299.22237621 22.2028808816254 0.2225707253665874 b'i'
57303.17061631 22.14381770610557 0.13612088871436967 b'i'
57304.20966236 22.217221585629378 0.11867168743115997 b'i'
57311.29807479 22.217834624020014 0.06556059424432092 b'i'
57319.13650664 22.32222453249545 0.13451847152401086 b'i'
57329.17310891 22.17333503309687 0.09766001030225979 b'i'
57339.12182711 22.230784284117142 0.11877361977542833 b'i'
57345.231214 22.331415932337606 0.0987183980128421 b'i'
57355.21438013 22.196487987173327 0.09503637349794758 b'i'
57365.11187659 21.992841805824728 0.05465012097214483 b'i'
57372.10401814 22.15246780486845 0.0704165013033986 b'i'
57385.06871931 22.06400364140217 0.06070851884266304 b'i'
57396.1008563 21.989753591044497 0.0709098984109886 b'i'
57633.26755178 22.207417113394317 0.07668651850006114 b'i'
57643.26030669 22.046720632680476 0.08863098430240868 b'i'
57646.22071785 22.061631791123464 0.1787207503674182 b'i'
57653.30986139 22.149402696564636 0.0787884306039004 b'i'
57654.29669431 22.172562889243704 0.1004849184837191 b'i'
57657.38584181 21.95485830926456 0.07472303060309216 b'i'
57663.31118535 22.13794204330633 0.08607491206993602 b'i'
57684.11655625 21.951367018060353 0.10190694260413835 b'i'
57688.20885117 21.94402169598495 0.0675237967229642 b'i'
57695.09688459 22.04325217927267 0.12232228820198186 b'i'
57702.181837469994 21.8923735711234 0.06727251918535174 b'i'
57714.24197371 21.979115903348994 0.11138362097161192 b'i'
57718.18359321 21.95365239010766 0.06239467048724733 b'i'
57723.08126534 21.95263450282114 0.07843458233740108 b'i'
57730.1046599 22.011826631955298 0.0846731636887057 b'i'
57739.17254835 21.908619266583532 0.07498729928300918 b'i'
57746.04780441 21.894760935414055 0.05119643263050122 b'i'
57756.08245684 21.932303622424268 0.07190489962779623 b'i'
57770.05529668 21.944342277433122 0.059747232221219804 b'i'
57782.05814151 21.8845521099151 0.08155427922032743 b'i'
57986.3050723 22.40330070048956 0.1244171498580755 b'i'
57996.35829487 22.183514439805094 0.1611236509480669 b'i'
58010.23084315 22.11339169284954 0.07224256558663456 b'i'
58015.2371554 22.316707996173992 0.08034142895758478 b'i'
58021.28201914 22.18184625639424 0.11489527356515694 b'i'
58044.3034687 22.22625471757597 0.09566442767822636 b'i'
58052.20846599 22.26448010623467 0.09139966043121461 b'i'
58057.19329816 22.249384145726566 0.08974303875913847 b'i'
58064.19324072 22.365451675518116 0.14083969669551522 b'i'
58071.18162976 22.240008725050203 0.09977020640629419 b'i'
58076.20224129 22.24879274881253 0.1128295738043512 b'i'
58079.17799904 22.40525119462138 0.12027990548458689 b'i'
58082.17791518 22.390360303676033 0.15398048695984556 b'i'
58092.06561406 22.399659230941246 0.1278790928269231 b'i'
58097.14482267 22.279999999114043 0.07629060184427061 b'i'
58102.05862748 22.47432720425337 0.10465679206238576 b'i'
58109.07417714 22.312669958774876 0.07378517164184473 b'i'
58113.09484769 22.287520261521536 0.08774200083444228 b'i'
58122.11860243 22.344602642191443 0.12224722710472236 b'i'
58134.09332426 22.303151856819802 0.11035888395052496 b'i'
58372.29985219 22.356759909296564 0.10506896451999381 b'i'
58409.22970361 22.425106529802527 0.1292873388861011 b'i'
58431.17317026 22.380959518136862 0.1045506370617808 b'i'
58453.15913274 22.187700462543717 0.07943000518610788 b'i'
