MJD_OBS MAG MAG_ERR BAND
56536.24095941 19.980231719429547 0.013098562660069035 b'g'
56543.28207737 19.95107841585349 0.009331552308935898 b'g'
56547.23975763 19.964061248185356 0.00989261934606489 b'g'
56563.24386996 19.954163018475313 0.009088061975582207 b'g'
56567.18465363 19.93503753641813 0.010394776570841202 b'g'
56575.16352384 19.969382724476944 0.007870814664851622 b'g'
56579.15273697 19.944562558407107 0.02995780957261118 b'g'
56602.09068584 19.997113447769216 0.007948784525900976 b'g'
56609.08249952 20.007301859147816 0.02249101453317337 b'g'
56616.07300355 19.94323214561384 0.026545670765326435 b'g'
56625.21024704 19.990378370278385 0.00878704673000641 b'g'
56629.03759878 19.8494001501638 0.015076691614513749 b'g'
56636.04141734 19.981490136871994 0.015355663235848027 b'g'
56645.13591113 19.967725779720134 0.023111245800656377 b'g'
56649.13182666 19.879381997089297 0.01171793425004708 b'g'
56653.14658773 19.775964116378262 0.012152211907078936 b'g'
56654.13601793 19.92625188431405 0.01024063548760168 b'g'
56660.06078326 19.917748567770538 0.008051455397833251 b'g'
56669.04393437 19.87837030449643 0.023655860745300572 b'g'
56676.05758924 19.900641901518604 0.01408383941765834 b'g'
56683.03932922 19.859530140203503 0.013512050438080792 b'g'
56690.06528347 19.836210097805015 0.008497508581839952 b'g'
56697.0365563 19.901352997842707 0.021724633346757116 b'g'
56890.38605552 19.745169785642574 0.01275522460386469 b'g'
56903.39675947 19.81572498901563 0.009735795728669672 b'g'
56904.37192405 19.80277483593782 0.00947750415465265 b'g'
56923.32891589 19.75624977949671 0.010509118495996006 b'g'
56924.30839911 19.838570600357713 0.0090444232436937 b'g'
56927.29392038 19.809178389704577 0.008522153131615084 b'g'
56932.2704941 19.846484016771264 0.007514327302004632 b'g'
56956.14097256 19.886650349110376 0.007949782571468944 b'g'
56960.25691412 19.787588857451475 0.013677199798369344 b'g'
56963.22753646 19.9242648757528 0.021010310367888252 b'g'
56973.12880991 19.915671018388224 0.008102873219677065 b'g'
56980.19227606 19.879664489027977 0.007034412805730028 b'g'
56987.19338195 19.85485796221638 0.00781907099796797 b'g'
56990.19409959 19.86523561266406 0.011827603217007265 b'g'
57001.1601094 19.854486256653868 0.01734782891364617 b'g'
57005.20021446 19.83725774064618 0.01219042895638367 b'g'
57012.0674613 19.783451302004934 0.008636145027601572 b'g'
57018.05644414 19.683996918040418 0.01495824071879781 b'g'
57019.05590709 19.73080783045034 0.01627373156100731 b'g'
57026.1520394 19.797930082875155 0.034549784898832314 b'g'
57033.10024326 19.62569027895227 0.0075908104419468705 b'g'
57040.11314367 19.624260343749413 0.006771531555866518 b'g'
57052.09550219 19.660803077637272 0.02279975726665384 b'g'
57249.38832607 19.519262506111968 0.0077042987889015535 b'g'
57253.40075114 19.531313954101403 0.006746625119163241 b'g'
57258.3579972 19.555277009802555 0.00608251821770267 b'g'
57276.38188236 19.49814870091972 0.007983631983709216 b'g'
57283.26013929 19.522907374797576 0.006971171245311325 b'g'
57287.33711567 19.5030791432231 0.008340129853426248 b'g'
57299.20439602 19.5441993307465 0.015156752890685963 b'g'
57303.17973418 19.48811213826857 0.008944860633771867 b'g'
57304.25433077 19.517941038414595 0.014421226002443888 b'g'
57305.26489473 19.50245333714563 0.01156450653792973 b'g'
57312.13773056 19.52538415591764 0.008932700653506487 b'g'
57318.17754327 19.49665181385717 0.023048127900647586 b'g'
57327.11981237 19.54940727814425 0.006719586821233747 b'g'
57331.16400415 19.560713656255817 0.007262583758379293 b'g'
57339.16234228 19.567308467671065 0.007681527679963551 b'g'
57345.24036127 19.513681145375536 0.008399772197986266 b'g'
57355.22348566 19.544493656839723 0.017015270441859798 b'g'
57365.12097566 19.5542985360607 0.005658925076584609 b'g'
57372.11312995 19.54270119551386 0.006928064531898315 b'g'
57385.07784041 19.562704520056386 0.005691258556840495 b'g'
57394.04185375 19.55571148580841 0.009249032832009618 b'g'
57401.06051702 19.527202375405984 0.006996616569246328 b'g'
57615.33561036 19.48646682576112 0.014568012950391562 b'g'
57626.28997178 19.452707415632084 0.008455444955504987 b'g'
57633.27650924 19.428488558846027 0.00674099057589217 b'g'
57637.28525326 19.429571437389445 0.007899274074485874 b'g'
57643.32631117 19.40933473528569 0.008569215233727254 b'g'
57644.37068348 19.448120104892414 0.020761496069734875 b'g'
57653.27819295 19.485491300247453 0.011119967931744412 b'g'
57656.27326816 19.445699577861657 0.007958024266986996 b'g'
57660.20370374 19.428937541385224 0.00614752731542012 b'g'
57666.17526225 19.43273243989909 0.007179101734639204 b'g'
57671.17008394 19.4930611920882 0.009127821587156859 b'g'
57681.26713353 19.4942073386915 0.015448250175833067 b'g'
57686.1475722 19.424895384862555 0.008434898037794625 b'g'
57687.30798721 19.44704109449021 0.01018919896024073 b'g'
57688.11206084 19.46975594677235 0.00722528805668432 b'g'
57695.10590946 19.434247675553266 0.007616968618396669 b'g'
57702.10416484 19.486000814380546 0.013826010233881192 b'g'
57710.05054693 19.453640723539127 0.006222955442357403 b'g'
57715.11044329 19.329623153770342 0.009099187605823289 b'g'
57716.04323534 19.31323110707431 0.010157577247678518 b'g'
57717.04152818 19.457364030481777 0.006245059400747266 b'g'
57721.08717764499 19.425418812819142 0.006239963782712561 b'g'
57725.14626456 19.4649402681818 0.006067212963703383 b'g'
57739.08755102 19.497118847282827 0.006087087007887959 b'g'
57746.05680374 19.486498457865245 0.005059164228597979 b'g'
57756.10077128 19.39471912332902 0.007904768478358193 b'g'
57770.06432814 19.414272904360132 0.005968881528115588 b'g'
57778.06138414 19.294652297933887 0.009481565557940996 b'g'
57782.06714938 19.347210124881116 0.008565944606381493 b'g'
57986.32098679 19.41718298229163 0.007947217642371385 b'g'
57991.29758102 19.448075489348852 0.012261543318807355 b'g'
57996.36930734 19.46483533219217 0.014869174367749594 b'g'
57999.3149778 19.526528491469318 0.019260396252477108 b'g'
58010.23988815 19.44396328634791 0.0072531982595265285 b'g'
58015.24621041 19.416939862643968 0.007185277483110042 b'g'
58021.29110251 19.391082138316293 0.007063264070666264 b'g'
58028.19123868 19.446169093085402 0.02132739646916093 b'g'
58036.26445663 19.351225589838204 0.013695712328551934 b'g'
58040.26792308 19.313180067076566 0.006187267883525749 b'g'
58045.25633136 19.327473813232846 0.005624348897725895 b'g'
58052.27111927 19.298253922749915 0.005643201535153963 b'g'
58057.20236396 19.3024124015287 0.011475249936449217 b'g'
58071.19072128 19.24594118360619 0.005039377630271957 b'g'
58076.24494906 19.229575454938235 0.005827783046086665 b'g'
58082.18694577 19.212150282071704 0.005891808991027148 b'g'
58094.09432548 19.26458712714405 0.004963747706536736 b'g'
58096.12099643 19.254325144948126 0.006705799166184079 b'g'
58100.11195515 19.284393706128142 0.006009892983399823 b'g'
58108.15222687 19.298369959130408 0.005275125542141268 b'g'
58113.07685607 19.308530946059694 0.007757031636064227 b'g'
58123.04409997 19.328482026861515 0.006207636936668592 b'g'
58130.04272575 19.35585517864242 0.010615821089558608 b'g'
58137.04051217 19.342553394548034 0.009715146461910962 b'g'
58372.2901143 19.502639983312207 0.00612832509179384 b'g'
58401.35121055 19.441616610631463 0.025424041967884392 b'g'
58409.23257423 19.43363866968685 0.010717269055525946 b'g'
58431.17592005 19.378891211395 0.00727674433512604 b'g'
58453.11388881999 19.3608159649834 0.004083173053349144 b'g'
58457.2178442 19.30613244734348 0.027994433654839668 b'g'
58468.14211643 19.35412389338244 0.02946013890048249 b'g'
56536.24332211 19.898470993369838 0.037124528140406454 b'r'
56537.22243917 19.823406659912227 0.015876376401077863 b'r'
56543.28442698 19.889816186201944 0.010691837856377616 b'r'
56547.24211843 19.88800609660749 0.011107871217959087 b'r'
56563.24625568 19.929371752077753 0.010093438735399474 b'r'
56567.18702711 19.882255437227325 0.011041345591042528 b'r'
56575.16591874 19.914086709399545 0.009272407207070898 b'r'
56579.15514687 19.88441152792344 0.021986690543720044 b'r'
56590.31293324 19.847239980095956 0.027871386523745656 b'r'
56594.12065572 19.775155606689136 0.020533313393997332 b'r'
56602.09307451 19.93258693851034 0.009977153173835518 b'r'
56609.08486178 19.916092290976838 0.019029597359509154 b'r'
56625.21260343 19.934018095568494 0.01020739925924019 b'r'
56629.04005222 19.866205931220314 0.014027137772931297 b'r'
56636.04379455 19.884874491464466 0.013230731659177764 b'r'
56645.13827068 19.861718895185227 0.01847532364931226 b'r'
56649.13418565 19.828410941474484 0.012336225303940296 b'r'
56653.14896889 19.739667738824725 0.013882684051740313 b'r'
56654.1373863 19.83764240506368 0.012690730954705742 b'r'
56660.06314848 19.829905412313153 0.00928853852849798 b'r'
56669.04631906 19.82739169760425 0.02074640196283184 b'r'
56676.05996186 19.811853105554594 0.014301714609075589 b'r'
56683.04169385 19.773200322049306 0.013188969796704699 b'r'
56690.06764022 19.775411112989996 0.009968422312116587 b'r'
56697.03892437 19.820419681667243 0.017397599703748767 b'r'
56890.38841386 19.71684490660309 0.01776706702661457 b'r'
56903.39912625 19.75397598772714 0.014612551302668917 b'r'
56904.37329707 19.74629878030052 0.010022155068590166 b'r'
56923.33126983 19.712564226126762 0.013286775875524626 b'r'
56924.30976783 19.759794143866976 0.01051893386452818 b'r'
56927.29626936 19.741847761726078 0.01027212418846446 b'r'
56932.27286095 19.761393507393564 0.009361635464948392 b'r'
56956.14332591 19.80880510750321 0.009003591845591075 b'r'
56960.25927448 19.679114536318984 0.01811526602420699 b'r'
56963.22989055 19.84226535285135 0.024351705396806977 b'r'
56973.13117821 19.808749730748264 0.009356096030220584 b'r'
56980.19463103 19.788755168015115 0.008749312924400954 b'r'
56987.19573498 19.784175781929076 0.00928330336346761 b'r'
56990.19644828 19.803691139496262 0.01082543166913652 b'r'
57001.16245074 19.800251735754095 0.015068417018262892 b'r'
57005.20256679 19.762633136847363 0.013575488083667153 b'r'
57012.06981021 19.73496878316423 0.009623825177392575 b'r'
57019.05826025 19.684173799527787 0.015799739222075004 b'r'
57026.15438892 19.691611239288 0.025616725926703054 b'r'
57033.10260486 19.623656816974105 0.008466669734747967 b'r'
57040.11550686 19.59417300413664 0.0080782681768099 b'r'
57045.10865839 19.547677512539977 0.010645259644192606 b'r'
57052.09785232 19.612083295762073 0.019783091448374535 b'r'
57249.39067753 19.4671563141979 0.009316749746403728 b'r'
57253.40309359 19.457004069156465 0.008344771685326435 b'r'
57258.36035839 19.456528041554183 0.007188300103639023 b'r'
57276.38423589 19.37488073758202 0.01033962169369218 b'r'
57283.26248938 19.453334205350004 0.007476325546193152 b'r'
57287.33947673 19.445887416553866 0.00892770529962661 b'r'
57299.206762 19.530589621914725 0.018801522991267916 b'r'
57303.18209059 19.431366103845754 0.010027451854426772 b'r'
57304.25670271 19.438312320261236 0.019521330261856207 b'r'
57305.26725523 19.405813751921578 0.010648873211785315 b'r'
57312.14009707 19.454216892855776 0.010610406321013954 b'r'
57318.17991501 19.40835968846755 0.017207306254377386 b'r'
57325.21434705 19.492837363552624 0.016550578121744763 b'r'
57327.12216682 19.487961818661883 0.007678977456272662 b'r'
57331.16634595 19.463844597427048 0.008030139581435947 b'r'
57339.16471371 19.46788693916212 0.008831770597282684 b'r'
57345.24271562 19.459207109146405 0.009464021229096176 b'r'
57355.22584971 19.443382580305677 0.013036998154454693 b'r'
57365.1233434 19.44530166845153 0.006052802048017725 b'r'
57372.11548854 19.466923991319764 0.0073055140798352625 b'r'
57385.08021985 19.464563553300966 0.006170298968719123 b'r'
57394.04420524 19.45703949628929 0.008028502084819422 b'r'
57401.06288437 19.448051850047925 0.007206179285351055 b'r'
57408.05301242 19.4607355807311 0.020473957865352332 b'r'
57615.33796078 19.350950790408227 0.013589008650466639 b'r'
57626.29233837 19.370291986583602 0.008651921259023254 b'r'
57633.27886155 19.36082384039547 0.007822149498494468 b'r'
57637.28761206 19.34984651709839 0.009692105045139954 b'r'
57643.27163297 19.339630534807778 0.013286706645413206 b'r'
57644.36930995 19.346308971933755 0.029980038839724443 b'r'
57645.23414451 19.26760952441813 0.02017614712378446 b'r'
57653.28056869 19.409115820747523 0.009552623535334703 b'r'
57655.27862722 19.375547816723675 0.008672366738871062 b'r'
57660.20605193 19.322138637314488 0.00787786625551945 b'r'
57666.17762112 19.35008967653383 0.007865708872611066 b'r'
57671.17242754 19.37460484811671 0.007879507715934153 b'r'
57681.26951051 19.369066893613592 0.012930014444037852 b'r'
57686.14992513 19.3556706017366 0.01166854072000234 b'r'
57687.230088195 19.32744330294656 0.009123105349361426 b'r'
57688.11443485 19.393096945500297 0.009025805329688552 b'r'
57690.22354746 19.415282122144678 0.008189304326155167 b'r'
57695.10826148 19.366313566175133 0.008888315382197476 b'r'
57702.1065336 19.386479054852686 0.011218476673839461 b'r'
57709.18255019 19.352171879812154 0.01564621827834145 b'r'
57710.05291309 19.34602510430588 0.008072209520662454 b'r'
57715.11281115 19.24575419123103 0.010659014515777443 b'r'
57717.04386531 19.380506821720186 0.006466861615578523 b'r'
57721.087669939996 19.342889242522197 0.006601238911245671 b'r'
57725.1486434 19.38285233939881 0.00652258443103193 b'r'
57739.08991031 19.383227459053796 0.006899614116740338 b'r'
57746.05914933 19.389884480323953 0.005529218238155664 b'r'
57750.13971455 19.357825140018036 0.00796293295832129 b'r'
57756.10313342 19.301740617569262 0.008952813965127149 b'r'
57770.06667354 19.32434448952498 0.006428133460630647 b'r'
57778.06372897 19.246641027003513 0.010245552393058688 b'r'
57782.06950991 19.25343862621596 0.009490874963645979 b'r'
57986.32334735 19.289662532401213 0.009617727099669793 b'r'
57991.29992884 19.374655791950875 0.010502912583646662 b'r'
57996.37167461 19.35333468834421 0.027315743608948395 b'r'
57999.31733801 19.358049945043255 0.0127300090847271 b'r'
58010.24224511 19.348838172100365 0.007073979876359715 b'r'
58015.24856556 19.316775501435657 0.008117851027538592 b'r'
58021.29345171 19.29376750824119 0.008123623118304835 b'r'
58028.19360839 19.258859498109505 0.01502093887573963 b'r'
58036.26681483 19.271354585141246 0.011158278055930282 b'r'
58040.27028304 19.23137057845527 0.007436035633119786 b'r'
58045.25868956 19.238220976308472 0.006389567862491674 b'r'
58052.27347706 19.224086221028713 0.00612242426601739 b'r'
58057.20474085 19.180556166177134 0.009265061973664501 b'r'
58064.20467579 19.198559294606508 0.012142438793283361 b'r'
58071.19308365 19.164105128751245 0.005364992527571388 b'r'
58076.24732043 19.147846216125167 0.006831689165249344 b'r'
58082.18930614 19.12362475506225 0.007418995541144113 b'r'
58092.07695274 19.164415119287074 0.013842425817234272 b'r'
58094.09668303 19.158632402533318 0.00518242446193895 b'r'
58096.11961131 19.147000263626968 0.006758900289327131 b'r'
58100.11431426 19.166325511110166 0.013948582301381407 b'r'
58108.15459095 19.17062821523313 0.0053057086677874565 b'r'
58113.07923527 19.19097277061279 0.0067414091344488725 b'r'
58123.04646516 19.191165022233804 0.005759796674933426 b'r'
58130.04507562 19.195514430676333 0.010104090094596785 b'r'
58137.04288077 19.21659980697044 0.008341088830945864 b'r'
58372.29183681 19.397921740128346 0.006884347843072902 b'r'
58401.34982757 19.380100681265446 0.06653351586554024 b'r'
58409.23429357 19.358278345658164 0.009397141844559087 b'r'
58431.17765019 19.293026190464857 0.007805088770147961 b'r'
58453.11405969 19.27933058240633 0.004262739890840907 b'r'
58457.21836402 19.163575729877266 0.029407987040379172 b'r'
58468.14261207 19.218707431625806 0.025074810492981214 b'r'
56536.24538539 19.96386851935536 0.04498494429769195 b'i'
56543.28650951 19.865910354637954 0.017737893196112964 b'i'
56547.24420277 19.923436562694107 0.013660706747721463 b'i'
56563.24834031 19.94234118271265 0.013675470759189068 b'i'
56567.18910786 19.94306354356574 0.01446083918247254 b'i'
56575.16798365 19.94855724183545 0.013577682494982923 b'i'
56579.15722035 19.9253580565298 0.025022977734558083 b'i'
56590.31502217 19.90093764907838 0.03988635673318086 b'i'
56594.12273939 19.81294765145444 0.026655720219526557 b'i'
56602.09512921 19.95378696324974 0.013780911292968767 b'i'
56609.08694765 19.959247535681072 0.02339907785814077 b'i'
56625.21470218 19.90187434427313 0.017128392020275385 b'i'
56629.04214729 19.859228420640544 0.02066875749144259 b'i'
56636.04587859 19.91899578756807 0.015381784931012277 b'i'
56645.14035078 19.924481348608342 0.018483601528995308 b'i'
56649.1362768 19.884665366028845 0.016687351911429005 b'i'
56653.15106946 19.811862497516437 0.018237106403777403 b'i'
56660.06521984 19.88514031558159 0.014203432852909259 b'i'
56669.04840217 19.919542488213747 0.02242312719991091 b'i'
56676.06203416 19.88556348625007 0.014452507918068846 b'i'
56683.04375498 19.854992462830886 0.017277908988354795 b'i'
56690.069716 19.828345989280237 0.01392413595584685 b'i'
56697.04098946 19.83308253560549 0.019332999392645434 b'i'
56888.39755915 19.88982473282899 0.01662441851290808 b'i'
56890.39047717 19.745193436173224 0.027542431333632322 b'i'
56903.40119291 19.768917859285555 0.024277935818208363 b'i'
56916.32571712 19.848436214403083 0.03863993597759219 b'i'
56923.33334641 19.77836618527267 0.016137296475118745 b'i'
56927.29833275 19.825610532924415 0.014108781726861253 b'i'
56932.27492522 19.818138505113986 0.011475490987265857 b'i'
56956.1454004 19.860071245091376 0.012304971322429026 b'i'
56963.23193606 19.895399282012725 0.027211284498104504 b'i'
56973.13324181 19.83463822960146 0.012163521488201212 b'i'
56980.19669536 19.85258010929471 0.013538636183742625 b'i'
56987.19779942 19.826707859353736 0.013235603051487743 b'i'
56990.19850093 19.843083223422056 0.01485668641469573 b'i'
57001.16450675 19.827712390241746 0.01676454076014977 b'i'
57005.20461476 19.776354132925434 0.02163775012878233 b'i'
57012.07186469 19.79733582510878 0.012757627662505655 b'i'
57019.06032429 19.719359896942862 0.01681288796719116 b'i'
57026.15646251 19.741961190997035 0.023238085176483736 b'i'
57033.10466837 19.717558791968866 0.013547679145212044 b'i'
57040.11757464 19.66646032545657 0.011784562419308031 b'i'
57045.11072169 19.64335266172949 0.01561137115221811 b'i'
57052.09992835 19.65500041175153 0.020880218430836095 b'i'
57249.39274191 19.535832969460195 0.011165157388234093 b'i'
57253.40516014 19.520366551975417 0.011274409111322825 b'i'
57258.36243196 19.55357254521248 0.010342832323122053 b'i'
57276.38631302 19.461384331744803 0.01424262338022686 b'i'
57283.26456242 19.54211047634728 0.00980270055274346 b'i'
57287.34154684 19.47916552167009 0.01412138674074015 b'i'
57299.20882415 19.627500333121457 0.025609989302342484 b'i'
57303.18415392 19.465610542914085 0.015733649180909026 b'i'
57304.25876982 19.55197993240904 0.022849768907157397 b'i'
57305.26931879 19.48440679594441 0.012539852266307605 b'i'
57312.14215991 19.532716518981594 0.017791268663014392 b'i'
57318.18198646 19.53558568272669 0.01803320884907933 b'i'
57325.2164111 19.6350879613074 0.016764855354104213 b'i'
57327.12422924 19.583657456128826 0.010590756233103349 b'i'
57331.16840828 19.553784356387144 0.011721407136842998 b'i'
57339.16678204 19.548690419326903 0.012364077859693623 b'i'
57345.24478994 19.530549980707978 0.013585255453115508 b'i'
57355.2279257 19.528508503884023 0.01433076070876993 b'i'
57365.12541018 19.565850132266263 0.0076383060185349905 b'i'
57367.15963269 19.55089688496583 0.014966403922457516 b'i'
57370.16940066 19.55233818190861 0.013418345563021461 b'i'
57372.11756501 19.540273675220146 0.010266601314683044 b'i'
57385.0822891 19.561813038728886 0.008610312868984948 b'i'
57394.04627548 19.518063734572454 0.011423112170653837 b'i'
57401.06496544 19.53219124592008 0.00954934724699541 b'i'
57408.05507409 19.501247591901546 0.020064035449181006 b'i'
57615.34004106 19.46264188969593 0.017562498516294767 b'i'
57626.29441143 19.45260421526304 0.011571729257376262 b'i'
57633.28092487 19.413592656334284 0.01146816112319371 b'i'
57637.28968591 19.434734489849763 0.011761288093282474 b'i'
57643.27369285 19.448921182923907 0.013566281510016154 b'i'
57645.2362062 19.39711128398175 0.017961564791104223 b'i'
57654.2868225 19.45637157592608 0.013440898999508732 b'i'
57660.20811715 19.41557187146868 0.011676772601028063 b'i'
57666.1796929 19.445304765983824 0.011071896394827974 b'i'
57671.17449245 19.49366495501536 0.008784000061428543 b'i'
57681.27158079 19.472286822015597 0.013872178601136653 b'i'
57686.15198683 19.366974016359165 0.0184736259592988 b'i'
57687.15563104 19.418752597184046 0.01743081059248297 b'i'
57688.11650023 19.493352370464184 0.01248740317310748 b'i'
57689.22662209 19.47265275009221 0.0127444281958482 b'i'
57695.11033598 19.450891938610038 0.012219313313195812 b'i'
57702.10861287 19.46035533749463 0.01270579499475133 b'i'
57709.18461447 19.42051935915569 0.013887164627348625 b'i'
57710.05499281 19.4507574203375 0.010908679897845273 b'i'
57711.19263677 19.49698764950276 0.035153519405202616 b'i'
57715.11489567 19.362498939074662 0.015529888022221881 b'i'
57717.04592941 19.459776848755595 0.009514403816112349 b'i'
57721.04178179 19.36567365228389 0.017554879330067052 b'i'
57722.14148213 19.459509794404728 0.014106874645698042 b'i'
57725.15070915 19.459782159807556 0.009238459828072365 b'i'
57731.05344128 19.453038817367748 0.05347108827857738 b'i'
57739.09197788 19.47048644568872 0.009878810665473026 b'i'
57746.06122338 19.465797666772502 0.007507646803698975 b'i'
57750.14177125 19.39760555006466 0.012694008949633684 b'i'
57756.10520384 19.444730787821992 0.010773909526626824 b'i'
57770.06875261 19.43245995501498 0.00897381047124668 b'i'
57778.065792 19.367687329357473 0.014162829343682402 b'i'
57782.07158797 19.3833010184726 0.010611329946264902 b'i'
57986.32542497 19.433517561285278 0.012211167047318838 b'i'
57991.30198983 19.375351721431265 0.034268754642802435 b'i'
57996.37374455 19.428830735392154 0.05364436583608523 b'i'
57999.31942104 19.36182165984434 0.016664662988336687 b'i'
58010.24430413 19.421893294670657 0.008793269931928194 b'i'
58015.25062771 19.335311559236928 0.011663603068967632 b'i'
58021.29553184 19.34980736570322 0.01050166410374942 b'i'
58028.19567904 19.387598144898632 0.016307722046867923 b'i'
58036.26888765 19.332022295679128 0.011732238916959403 b'i'
58040.27235199 19.300236213357817 0.009821195652090609 b'i'
58045.26074642 19.322163489544014 0.009404410997497337 b'i'
58052.2755348 19.3082229157802 0.008551890307643362 b'i'
58057.20680309 19.28628794204822 0.009854254939330787 b'i'
58064.2067349 19.268403822273946 0.010942643866716395 b'i'
58071.19516353 19.27646003139614 0.007439313651861568 b'i'
58076.24937933 19.255383521555405 0.00974220947707849 b'i'
58082.19136753 19.24742030095658 0.011009260124374975 b'i'
58084.20625229 19.245281343682315 0.013824940262797014 b'i'
58092.07900508 19.254280643558914 0.01597423128553288 b'i'
58094.0987519 19.25989410729561 0.007032779135769829 b'i'
58100.11637238 19.29426715543768 0.02079303248203246 b'i'
58108.15667605 19.287772035879414 0.007413221300375028 b'i'
58113.08130485 19.303707009555808 0.008521929598810374 b'i'
58123.04852216 19.30384176514071 0.007789066107555699 b'i'
58130.04714496 19.33619833561771 0.015818668214528486 b'i'
58137.04494329 19.324369671366195 0.009689887302180011 b'i'
58372.29356314 19.442202724752317 0.010994357165412083 b'i'
58401.34844607 19.541230041359942 0.12026932169700899 b'i'
58409.23599917 19.359990777408346 0.013609679384597229 b'i'
58431.17936983 19.33077121591578 0.014071166407436664 b'i'
58438.15179863 19.388260525181842 0.012963651386044717 b'i'
58453.15284298 19.348510092063847 0.009529751286546428 b'i'
58468.14310635 19.303335493233227 0.03689818874353179 b'i'
