MJD_OBS MAG MAG_ERR BAND
56534.18525725 22.283403857589597 0.03901545019542141 b'g'
56538.14720893 22.406288418651283 0.047430820040400334 b'g'
56547.09417018 22.5682014052155 0.13105373221077699 b'g'
56568.04160579 22.260226202994126 0.10915788751405842 b'g'
56575.01433457 22.60698208079961 0.0831610267099343 b'g'
56576.27213399 22.479646575323677 0.07264029101641967 b'g'
56590.01104683 22.50228219294621 0.12004476050310586 b'g'
56592.07329448 22.37637001280756 0.10688432675903314 b'g'
56594.01242014 22.3824689555055 0.0872507542756189 b'g'
56602.01324238 22.370992859536376 0.08714482243403054 b'g'
56605.2332555 22.492870765616363 0.12806819704398364 b'g'
56609.02622455 22.48478380052204 0.14335713794927685 b'g'
56615.06750618 22.642389719460933 0.12701785439933744 b'g'
56625.14834621 22.61311067553793 0.06415548800939064 b'g'
56628.104543295005 22.52144626957316 0.07155193792855133 b'g'
56635.08343196 22.311015208732936 0.1198531975594257 b'g'
56642.04122436 22.541401897957844 0.19665188417792834 b'g'
56649.05071368 22.50327369179287 0.05153815310346843 b'g'
56656.04670394 22.560879410222 0.07015399713168335 b'g'
56657.06889256 22.40472550255844 0.06201415638214769 b'g'
56667.04554227 22.353541296357363 0.12746429770084333 b'g'
56682.05342583 22.308746606582517 0.06397345140401 b'g'
56695.03094696 22.514839896638545 0.1335695476933303 b'g'
56887.21096163 22.079407952145054 0.038561477710807424 b'g'
56891.37719244 21.94881283684369 0.047409536065210034 b'g'
56903.12027113 22.035308022830826 0.10534868817895315 b'g'
56920.07474222 22.014785516448036 0.036416307039075946 b'g'
56925.15799977 21.97999258127172 0.08545551302517396 b'g'
56930.12745888 22.099149212631676 0.04339923490514508 b'g'
56943.0180281 22.003076716995547 0.051445423174278915 b'g'
56949.02744613 22.002610999191234 0.044241342880660284 b'g'
56956.00811989 22.137955337211324 0.043384125833931364 b'g'
56987.04146497 22.160239012682055 0.044371601045341436 b'g'
56992.04630187 22.13805778208675 0.11116040131989637 b'g'
57002.05011183 22.060740001640852 0.043999071025762504 b'g'
57011.055966 21.979454633655394 0.03362958086326984 b'g'
57017.07357348 21.994605029353515 0.057696567412847344 b'g'
57025.05705388 21.91597691314128 0.10681860508397278 b'g'
57030.09057864 21.853139082078297 0.09297554905371186 b'g'
57037.07382623 21.917377280710568 0.04111985953439756 b'g'
57042.08816102 21.804938541606663 0.06072725935183243 b'g'
57049.0412664 22.028756087988068 0.12065259339209078 b'g'
57252.21530607 22.103346155677013 0.041605085259138974 b'g'
57273.31367063 22.15347744804665 0.05516541319089541 b'g'
57278.18539721 22.256659114370493 0.0470598667837443 b'g'
57301.04620305 22.233237253372238 0.11450473127496609 b'g'
57305.0640739 22.13652165792673 0.08281026226337573 b'g'
57311.02023556 22.236609838964878 0.07175072558247919 b'g'
57315.16316551 22.13303281063597 0.1074883285482855 b'g'
57329.02847203 22.439124936068616 0.05791987226254136 b'g'
57334.22381795 22.290811084128517 0.08104156500009196 b'g'
57340.06342432 22.419974259944308 0.0535732470296999 b'g'
57342.02141611 22.412349547693456 0.06290434076285578 b'g'
57347.0764212 22.221080286337568 0.1062620030220387 b'g'
57356.12013504 22.41550335460872 0.0604027462169654 b'g'
57366.03850317 22.390630013677406 0.05772328910750346 b'g'
57385.09248495 22.294282838381314 0.08722024737162215 b'g'
57396.04447411 22.172625132227743 0.09528949255656727 b'g'
57403.04465307 22.215185880573458 0.08180870040829546 b'g'
57623.22154194 22.14100537686738 0.15265320227442558 b'g'
57627.36331872 22.15397830627275 0.1991560630731115 b'g'
57629.2274611 22.230927681867108 0.057732620185390715 b'g'
57633.22495197 22.049315600017472 0.060957482779812715 b'g'
57636.20881072 22.30722605235357 0.07648319561399575 b'g'
57637.21710252 22.115579976773688 0.06203482726860443 b'g'
57653.06771786 22.133391550654075 0.04275361529427357 b'g'
57662.23899273 22.23213610659071 0.04213984743573107 b'g'
57666.03514384 22.146300034762188 0.05620613781103856 b'g'
57690.09593703 22.24315198894265 0.06112285650474192 b'g'
57694.02475984 22.092793671482905 0.036073511539253644 b'g'
57701.03942335 22.253403471001835 0.11638733974410798 b'g'
57708.06305466 22.099101401706125 0.11387665059553952 b'g'
57714.0569117 22.194695067823265 0.04059573976067554 b'g'
57719.04530618 22.15206740944556 0.05256974930373204 b'g'
57723.12958818 22.110254014483285 0.06128133868615393 b'g'
57730.05256866 21.997917819257143 0.10607364775781036 b'g'
57740.05698873 22.206311896915306 0.0374214838319773 b'g'
57747.05650762 22.142836414856294 0.04022150714473227 b'g'
57752.05907336 22.09375092235573 0.05649771573770224 b'g'
57760.0504428 21.94661293092647 0.1254048093297193 b'g'
57773.04639077 21.9720725732083 0.07299009398260381 b'g'
57981.21672658 21.983205596614987 0.08559433285175899 b'g'
57985.23821251 22.095317307343223 0.0590809801023795 b'g'
57990.24413175 22.33553340824028 0.0425535712912648 b'g'
57994.31635709 22.208180745235712 0.07130062827696548 b'g'
57998.12451763 22.065072262439408 0.1600134808929461 b'g'
58007.09880819 22.149694791061595 0.09061913307868963 b'g'
58040.03448104 22.11668448095309 0.07907250106793384 b'g'
58045.01578859 22.004382031858185 0.08368781383342139 b'g'
58052.01860166 22.071909656919257 0.0953073771938513 b'g'
58085.10964408 22.293470575131277 0.18018543194211745 b'g'
58093.05357512 22.25385673197634 0.050342925696064356 b'g'
58099.14396657 22.295762528482474 0.1697163755976554 b'g'
58107.10007776 22.365901896910948 0.0646992493988563 b'g'
58127.047925 22.307206296195602 0.0648956873786588 b'g'
58134.04137485 22.20490681811273 0.11724138918386373 b'g'
58372.26317869 22.746827154353632 0.07208204943803764 b'g'
58431.10891515 22.722671417926975 0.0774545275261147 b'g'
58450.16596765 22.740835177871187 0.08320182345572391 b'g'
56520.2382323 21.900672466685457 0.055888510149436854 b'r'
56534.18760258 21.87445653358258 0.0500829262310738 b'r'
56538.14958731 22.03931036561559 0.06113858727460908 b'r'
56563.05273058 21.951729826459157 0.08082813124137544 b'r'
56578.26286915 22.121366293155464 0.08448147521473359 b'r'
56609.02858898 21.940727342715746 0.11486550798984752 b'r'
56625.150719 22.17460741980735 0.05653910161147735 b'r'
56628.03612763 22.141178660846023 0.06115612968261531 b'r'
56633.15999087 22.01492264796248 0.09248874254818062 b'r'
56635.08580689 21.909851794854568 0.11307575697998118 b'r'
56645.10990797 22.095574724336963 0.15256491968056807 b'r'
56649.05310541 22.10001678387818 0.05012375369688726 b'r'
56656.074066665 22.075162769250852 0.04469715687536141 b'r'
56667.04792001 21.843747299803784 0.0886001827762577 b'r'
56675.06008314 22.091465208873288 0.13752604409661373 b'r'
56682.05578757 21.936001113817888 0.0791651026213458 b'r'
56687.0556362 21.975671820063994 0.07806603142182311 b'r'
56695.03331647 21.948253998031404 0.10117347358490747 b'r'
56887.21331552 21.899114140253662 0.04479009865997341 b'r'
56891.37955193 21.841991206449368 0.06068909737989614 b'r'
56920.07710056 21.82108515821436 0.05284774331261488 b'r'
56925.16034257 21.762457665188837 0.049883843665245564 b'r'
56930.1298036 21.889120620624333 0.04574178826356601 b'r'
56943.02038615 21.756116030206524 0.06406214312015024 b'r'
56949.02979841 21.939315891600806 0.14553085186122416 b'r'
56956.01046727 21.894850734813577 0.04953746601780651 b'r'
56960.17304073 21.921167550737483 0.05346317149437141 b'r'
56973.02313508 21.988100719461887 0.05231552268645956 b'r'
56976.20382031 21.79576870192745 0.08185940269796177 b'r'
56978.21250945 21.83306188330396 0.07813176150363788 b'r'
56980.03980992 21.867033559663366 0.043917946371578864 b'r'
56987.04381069 21.862409915471364 0.04603500540795835 b'r'
56992.04864985 21.933314171282444 0.09011732175904896 b'r'
57002.0524659 21.92943477438084 0.044254122660188244 b'r'
57011.05832003 21.77723702092769 0.037826137654960235 b'r'
57017.07592319 21.83357737815025 0.06771085152183076 b'r'
57025.05940896 21.98311315416036 0.11368727278660984 b'r'
57037.07617681 21.797470506695184 0.04721524131355892 b'r'
57049.04362312 21.657591952838487 0.08032854016084201 b'r'
57235.17966014 21.72074989425183 0.12494267669570291 b'r'
57252.21765271 21.944573404657714 0.055533734412396285 b'r'
57257.22729462 21.83558408317885 0.11187442857917773 b'r'
57265.22527751 21.939076178462326 0.16075788570316618 b'r'
57273.31601594 21.952064089598842 0.05195311827181115 b'r'
57278.18775849 21.99299094814961 0.056608948736062814 b'r'
57291.08116696 21.92551904982978 0.20334685784584394 b'r'
57305.06642821 21.92843050359868 0.12217538934778815 b'r'
57334.22617088 22.07735314233076 0.07424395888857305 b'r'
57340.06579218 22.04549119993666 0.06606292213685094 b'r'
57342.0237807 22.060796666951443 0.06596834256260209 b'r'
57347.07879212 22.048667816391173 0.12290502058605313 b'r'
57356.12249877 22.068490320337123 0.05257903561019006 b'r'
57366.0408607 21.916427868084234 0.06100936411730728 b'r'
57373.03794872 21.964522379156886 0.09678756762293972 b'r'
57385.09485162 22.01769076516486 0.07220287890099186 b'r'
57389.0595156 21.920677373709683 0.06188654935931126 b'r'
57396.04682922 22.089216279968525 0.08554595938319666 b'r'
57403.04700967 22.06939545329655 0.08669776741750113 b'r'
57614.21004626 22.02751795460945 0.11051952034161516 b'r'
57623.22389204 21.918094325215964 0.08893897268425022 b'r'
57627.3656676 21.84945073238362 0.15208874567441555 b'r'
57629.22982135 22.11542124128408 0.05009660666945237 b'r'
57633.22730846 21.95799169206642 0.06459525974072022 b'r'
57636.2060538 21.991095925046135 0.07519989589997422 b'r'
57637.21947318 21.946524523168495 0.07745669457836968 b'r'
57653.07007664 21.93430540396163 0.06366066885078325 b'r'
57657.21069054 21.786692475412607 0.06270971384926582 b'r'
57662.24134961 21.874606210928007 0.05378794653707075 b'r'
57666.056931205 21.91491581188037 0.050542584218727475 b'r'
57671.00975832 22.100546057574533 0.07776567586509131 b'r'
57680.01855455 21.72384907627942 0.10262588533365147 b'r'
57682.01864054 21.981248543690167 0.09040813956955773 b'r'
57686.02271716 21.791583266179405 0.08598224731230886 b'r'
57694.02712314 21.8676315834725 0.053617925034352254 b'r'
57708.06540656 21.895384735700098 0.08027866555825369 b'r'
57714.05925441 21.82802918692153 0.05276784436738424 b'r'
57718.04408315 21.79031160849991 0.07601990271335524 b'r'
57719.04766241 21.830593038173152 0.049378369455475024 b'r'
57723.13194106 21.8594965448212 0.07348836917934065 b'r'
57730.05492999 21.800883326192913 0.09761952602136859 b'r'
57740.05933101 21.964375303634085 0.041668498503046436 b'r'
57747.05885698 21.845866943942106 0.044092586167934655 b'r'
57752.06143894 22.029509990756708 0.05649668541941821 b'r'
57760.05279916 21.819147683493476 0.10021539427052062 b'r'
57773.04874925 21.84589593941957 0.054573790735855 b'r'
57985.2405862 22.135310162071328 0.06467523428859323 b'r'
57990.24649597 22.08113404719897 0.05172501376604188 b'r'
57994.31870662 21.89021366843385 0.08559502533727681 b'r'
57998.12687047 21.911897662677703 0.10528287684334003 b'r'
58007.10116755 22.103231433310018 0.08006623411253244 b'r'
58014.07992524 22.00003484986805 0.05983570329654242 b'r'
58021.06279828 22.11864669243141 0.13988020322304706 b'r'
58036.0212698 22.20528910004976 0.07359146174708542 b'r'
58040.03683264 21.949718234107554 0.08524383142248482 b'r'
58045.01814647 22.09677306681546 0.08989113849498409 b'r'
58052.02096902 22.080007902925818 0.07986488535672365 b'r'
58064.02961975 22.078571803493208 0.0544810808333942 b'r'
58071.04222343 22.051391301750343 0.056513985423446655 b'r'
58076.10939571 22.034758954423918 0.07179035239874665 b'r'
58081.11740517 22.129192655546362 0.05915314205456923 b'r'
58093.05593304 22.068163121887515 0.05211818069275154 b'r'
58099.14634009 22.134391952888762 0.09711708539501274 b'r'
58107.10245102 22.03998079859446 0.058476695815862456 b'r'
58117.05926385 21.944830237281863 0.1633841546586794 b'r'
58124.09239515 22.00030045155888 0.054221008831135 b'r'
58127.05029141 22.038291069534665 0.06615294063471566 b'r'
58134.04372602 21.99111329029599 0.08572204340638834 b'r'
58372.26489375 22.153066131346257 0.07038769510150189 b'r'
58401.04958389 22.196723711350856 0.08557202454534263 b'r'
58431.11063505 22.39870504530311 0.07404324429534626 b'r'
58450.173241935 22.15510761599248 0.05393210574651298 b'r'
56520.24030989 21.42750118339893 0.050802540528227524 b'i'
56534.18967117 21.55179333987149 0.04715338479461906 b'i'
56538.15165428 21.626872412012528 0.05874062175044869 b'i'
56543.10969791 21.562177351283616 0.09241083994956512 b'i'
56545.39743537 21.37796005170298 0.06806676096624287 b'i'
56563.0548115 21.4087328104826 0.0692525173809102 b'i'
56575.01876246 21.660123052216747 0.05810027928096772 b'i'
56579.01698275 21.349630034370527 0.08393799086780973 b'i'
56590.01550189 21.497125484783613 0.1865505434018928 b'i'
56594.0168534 21.470093227531482 0.07876297281192635 b'i'
56602.01768224 21.656371354156587 0.06364390298337241 b'i'
56625.15281594 21.52995186714691 0.05120125431585976 b'i'
56628.03823398 21.680036891016858 0.06911080167261474 b'i'
56635.08787682 21.70581720392291 0.09929966645409039 b'i'
56645.11198444 21.510978520039888 0.09609476687827012 b'i'
56649.05518252 21.68905237808969 0.057330425478138373 b'i'
56656.05115031 21.492403776575753 0.05068120833785983 b'i'
56667.04998901 21.503989040086605 0.08880078490024346 b'i'
56675.06216084 21.50877084755992 0.1115261432322967 b'i'
56695.03541671 21.518492740706716 0.07989506069424479 b'i'
56887.21538014 21.489131391330158 0.039654919740275574 b'i'
56891.38162205 21.469266395705514 0.07383192090985347 b'i'
56912.10052287 21.39677097913861 0.09352923969835558 b'i'
56920.07916962 21.359801182604603 0.05648996264333661 b'i'
56925.16239904 21.32298102840308 0.04656041893180429 b'i'
56930.13187726 21.42049876962632 0.04525908911413978 b'i'
56943.02246494 21.499895998773056 0.05940698756032248 b'i'
56949.03184933 21.2881362722893 0.0445177874413325 b'i'
56956.01253673 21.463378169249182 0.05396078164943319 b'i'
56960.17510419 21.540373712866153 0.052196588184560966 b'i'
56973.02520316 21.502033919311035 0.04628837942237496 b'i'
56976.20518337 21.488478808378076 0.11940621661296191 b'i'
56980.0418671 21.47185332216654 0.05055884747917716 b'i'
56987.04586573 21.44786665441918 0.04767373741001535 b'i'
56992.05070299 21.44379248624457 0.07865185180609657 b'i'
57002.05452925 21.383063691252147 0.0426639337163941 b'i'
57011.06038809 21.34537791084799 0.042861403417134625 b'i'
57017.07798067 21.41433799982268 0.06739074456155691 b'i'
57025.06146631 21.444687991695414 0.08264513545402252 b'i'
57030.0949955 21.31238277027017 0.07418902992615273 b'i'
57037.07822341 21.37374425419209 0.051399262417096026 b'i'
57042.09258269 21.286648653610044 0.061148809057126385 b'i'
57049.04567932 21.341839213613063 0.06405621618835511 b'i'
57252.21972044 21.32729777319964 0.06329889024222268 b'i'
57265.22734223 21.500992240850017 0.09419852059987122 b'i'
57273.3180809 21.49989563168664 0.0416710502806481 b'i'
57278.18983727 21.532488309704974 0.04516137286967137 b'i'
57283.13348839 21.61584946774105 0.11071407257945154 b'i'
57291.0832247 21.682901648061847 0.12319631150188926 b'i'
57311.02464546 21.37857441954968 0.0727311658440648 b'i'
57325.01394385 21.574154587884063 0.0648898402185587 b'i'
57329.03289402 21.48457534770876 0.07504036177024886 b'i'
57334.22824225 21.630689164931173 0.059652744537078924 b'i'
57340.0678575 21.609096315039938 0.06578335759983389 b'i'
57347.08084908 21.478725061923736 0.07933582776117022 b'i'
57356.12457718 21.595947306137887 0.054697040950788534 b'i'
57366.04292527 21.56593594184229 0.07572073578266014 b'i'
57373.04001333 21.52024764132139 0.08803690563091848 b'i'
57385.09691707 21.547839839241377 0.060552404592684184 b'i'
57389.06158309 21.581066930248205 0.06472298742778193 b'i'
57396.04888738 21.610908595623062 0.08160715735370161 b'i'
57629.23188798 21.47083705282769 0.04898636857079808 b'i'
57633.22938217 21.4990878108182 0.05822510234060374 b'i'
57637.22154768 21.47052830247202 0.06464271032713498 b'i'
57645.09166414 21.27559358392941 0.12655553599884328 b'i'
57653.07213532 21.38134953072784 0.0602189544488283 b'i'
57657.21275945 21.55230195171624 0.07059114077693351 b'i'
57662.2434126 21.532781402812688 0.046655478269002515 b'i'
57666.03956847 21.45282811077505 0.0723932466412478 b'i'
57671.015795285 21.584059520718544 0.06119723668214385 b'i'
57682.02068858 21.435039949977238 0.09088956820575333 b'i'
57694.02918845 21.581438850808286 0.0540416998964659 b'i'
57701.0438402 21.352019034417545 0.06882671077623925 b'i'
57708.06746593 21.479742474785358 0.067742412822831 b'i'
57714.06133425 21.444894609567676 0.05308778562175931 b'i'
57718.0461469 21.271169750628992 0.06447549769739425 b'i'
57719.04972782 21.356004585363742 0.059840026569666804 b'i'
57730.05698994 21.5781351114763 0.06707966536207621 b'i'
57740.06139349 21.48246211036274 0.0398269178846391 b'i'
57747.06092039 21.523950361383246 0.04565602990011186 b'i'
57752.06351042 21.53855877221371 0.059822072911856594 b'i'
57773.05082212 21.507838155798677 0.049342483776623425 b'i'
57985.24265882 21.572278374191416 0.05912104321665979 b'i'
57990.24855485 21.57794887167777 0.046152745169191434 b'i'
57994.32077826 21.62026776961444 0.08629292728994287 b'i'
57998.12894039 21.734611149889766 0.0761904319342257 b'i'
58007.10322993 21.5513287019799 0.0797580303926111 b'i'
58014.08198194 21.742905711501756 0.06648096028784423 b'i'
58021.06486074 21.49990807404407 0.08501026237805931 b'i'
58040.03890371 21.526953276722757 0.11029697841953023 b'i'
58045.02021191 21.712862292346006 0.07936748149289485 b'i'
58052.02304428 21.622074894290037 0.0870706357340687 b'i'
58064.03168229 21.638141755733038 0.06402754331359617 b'i'
58066.17896932 21.640544519370643 0.09015381643288478 b'i'
58071.04428107 21.636594330216038 0.06365738840434076 b'i'
58076.11147116 21.55244798427539 0.0810971068669808 b'i'
58081.11946339 21.39671809951557 0.06844593485488204 b'i'
58107.10453641 21.611879897765323 0.06493596469250917 b'i'
58124.09446162 21.492103618379808 0.0593864905897874 b'i'
58127.05235415 21.46564495635961 0.07272185307000356 b'i'
58134.04579981 21.490926854959948 0.06924625748107971 b'i'
58372.26661119 21.656669686350085 0.10102775874271686 b'i'
58437.16423701 21.903895658188897 0.0907200246862736 b'i'
