MJD_OBS MAG MAG_ERR BAND
56520.212090094996 20.05866150254915 0.006816123169681691 b'g'
56534.16978188 20.025505953776644 0.004574258332904933 b'g'
56538.153990175 19.99618756048357 0.005053309650379535 b'g'
56543.10525006 19.929830073864473 0.009038375722756342 b'g'
56547.087361275 19.938651077881353 0.010300664456652116 b'g'
56558.05170611 19.951869530760376 0.008065347401444711 b'g'
56563.043614199996 19.939008831465028 0.0063518402156729666 b'g'
56567.074800379996 19.878516175235017 0.02872030785836409 b'g'
56568.04160579 19.971959570356958 0.011616929778828222 b'g'
56575.021108714995 19.951633500093905 0.006052432691610877 b'g'
56578.99898364 19.96816914581393 0.02147810497013225 b'g'
56579.01254427 19.94126277945154 0.01873095159896465 b'g'
56590.01104683 19.950267517029705 0.011178850256111872 b'g'
56592.07329448 19.947536905486903 0.011924642026581722 b'g'
56594.019183445 19.965400084256924 0.005633916856404745 b'g'
56602.019984905 20.004893775463202 0.0056700703471999035 b'g'
56609.03301894 19.997878641944787 0.011819304256911215 b'g'
56615.074332745 20.013624252480785 0.013311667799184326 b'g'
56625.16195913 19.98846758525293 0.008139394950191559 b'g'
56628.040574009996 20.015595855496386 0.0058598411931219865 b'g'
56633.15587983 20.010365745628093 0.010552079135088377 b'g'
56635.090240460006 20.036765695668194 0.010102908953235396 b'g'
56642.04122436 20.086210038165444 0.032574043584034484 b'g'
56645.11434619 20.04345324864892 0.01725750332048519 b'g'
56649.05071368 20.046102935699196 0.006815848124965385 b'g'
56650.04868646 20.036684792480255 0.00855365572504141 b'g'
56656.04670394 20.016680832002876 0.008624847678532888 b'g'
56657.05699656 20.039586546983056 0.007244977523166327 b'g'
56667.05235975 20.085086979534214 0.014158671812002926 b'g'
56675.064505245 20.117636054305006 0.021695679905415044 b'g'
56682.060114620006 20.04673083879028 0.007776726961419142 b'g'
56687.05328793 20.022855296410153 0.012619029166703655 b'g'
56690.05057089 20.015599313882312 0.010905928343646565 b'g'
56695.03094696 20.058515670384534 0.023802660570421352 b'g'
56697.05120709 20.045689118213783 0.024875356562436224 b'g'
56877.17901317 19.970372488457663 0.03177948334045411 b'g'
56885.20944459 19.974833522983246 0.015439084660606282 b'g'
56887.21096163 19.99971853588861 0.006797834556330429 b'g'
56890.2177279 19.96369356329367 0.009377211657099593 b'g'
56891.37719244 19.983622990469648 0.0076132404587347935 b'g'
56903.113487445 20.003689058640564 0.016653396318635577 b'g'
56912.089376855 20.00903082931702 0.013341495349527763 b'g'
56916.08889952 20.001932653814443 0.01889339722638894 b'g'
56920.06799778 20.01414782577579 0.005351054835631468 b'g'
56925.15799977 19.9774985243308 0.01710366159174015 b'g'
56930.120694690006 20.0382149093605 0.006529557032270203 b'g'
56943.011353165 20.0311690314755 0.006585606161377601 b'g'
56949.020780775 20.046098111714567 0.006276381004831074 b'g'
56953.03073484 20.041344270603716 0.00927740591585291 b'g'
56956.00811989 20.023530649525448 0.007754007243626404 b'g'
56957.00544218 19.99905514927724 0.017258666523083832 b'g'
56960.17070443 20.051488663354988 0.00974681517237741 b'g'
56961.00894143 20.08891203421178 0.02505234617209595 b'g'
56973.02078094 20.028676700308218 0.008012526934830788 b'g'
56980.030669975 20.089483860339485 0.005350689369207144 b'g'
56986.14028405 20.077906295964794 0.037996290971719304 b'g'
56987.03479484 20.09735943950578 0.006228312249909923 b'g'
56990.03576055 19.997083951255544 0.05549334134853437 b'g'
56992.039495445 20.135316502913987 0.013647220778867522 b'g'
57002.043358 20.096798600469754 0.00629084357437521 b'g'
57011.04921269 20.057116976399268 0.005534778548576821 b'g'
57016.10451927 20.078692321460583 0.008366399471690045 b'g'
57017.07357348 20.05173805936323 0.010158948065289053 b'g'
57025.050261215 20.052999675119352 0.020609443679167786 b'g'
57030.067196245 20.07266618990928 0.01160572486561331 b'g'
57037.067057295004 20.06306783120648 0.006321396438677876 b'g'
57042.08816102 20.035824692046756 0.011135067273205124 b'g'
57044.04426867 20.03661099558039 0.013935636089289716 b'g'
57049.0412664 20.04631703037407 0.02068380196969244 b'g'
57051.03607356 20.052763088721264 0.023302041084285463 b'g'
57252.222044865004 20.2105322535827 0.006628707439085636 b'g'
57257.218261545 20.21447628800069 0.009936647906392938 b'g'
57265.216153974994 20.13461533731886 0.026475667244302666 b'g'
57273.203533555 20.20296967276489 0.0077244898632517255 b'g'
57278.18539721 20.199591427025663 0.008721524587933516 b'g'
57281.07219575 20.25295209060257 0.0943959945344588 b'g'
57283.12905579 20.216211057629852 0.017151301249516138 b'g'
57291.07881586 20.093125839281438 0.040253498405611765 b'g'
57297.02967291 20.183017569553467 0.014415192410908162 b'g'
57301.03946059 20.23073428415486 0.013948355402319878 b'g'
57305.0640739 20.1525985023536 0.016502817700228434 b'g'
57311.013495265 20.18270442765303 0.008481038736703443 b'g'
57315.15642055 20.174988177816356 0.011414094640868436 b'g'
57316.00554205 20.19280726486909 0.02576291073504322 b'g'
57325.016289959996 20.1459278148444 0.0073715568261851485 b'g'
57329.02173194999 20.169557804455447 0.007285968144934167 b'g'
57334.22381795 20.20664668099885 0.010883568478853077 b'g'
57339.01859335 20.18819146862131 0.01394373301327434 b'g'
57340.06342432 20.19222343165813 0.009488183483977508 b'g'
57342.02141611 20.195710649838617 0.00953582535441555 b'g'
57344.03399547 20.25542573419574 0.05158660413493621 b'g'
57347.0764212 20.222537384823454 0.019204812540870364 b'g'
57355.14181841 20.200383322567475 0.02076443706045694 b'g'
57356.12013504 20.173033565571263 0.008897402425070311 b'g'
57365.03621469 20.156038389140367 0.010968821869241197 b'g'
57366.03850317 20.150348250947268 0.009529550817610755 b'g'
57371.04870737 20.193824437407585 0.01141342734550932 b'g'
57372.03116428 20.21135569003821 0.06683310318200597 b'g'
57373.03559907 20.19105009669405 0.02270460656273343 b'g'
57379.04370512 20.315601657293094 0.03167373300779275 b'g'
57385.09248495 20.215774136557414 0.012443675136861287 b'g'
57386.04190673 20.159796216887198 0.014075240285276182 b'g'
57389.05716546 20.16025007427003 0.010382101333917149 b'g'
57396.04447411 20.174182645156982 0.013811950684797125 b'g'
57400.10074256 20.220702205432747 0.01664705452996529 b'g'
57403.04465307 20.19137679299367 0.01634323936679749 b'g'
57407.04154111 20.222518841879804 0.028818980420002305 b'g'
57614.22116984 20.25904157961507 0.02287258448463092 b'g'
57623.21482318 20.167424028624385 0.013446052987121898 b'g'
57627.36331872 20.10302463440495 0.040097226777660915 b'g'
57629.2274611 20.202534669617403 0.008174836782959716 b'g'
57633.22495197 20.18483550573299 0.009575238974036893 b'g'
57636.20881072 20.211232596601008 0.013682798612610014 b'g'
57637.21710252 20.207035842163528 0.009492780941116052 b'g'
57638.09404357 20.177142118532608 0.027216263520557504 b'g'
57641.08967446 20.224183745977705 0.022362920733481673 b'g'
57642.121295799996 20.23496305346814 0.02076069740412268 b'g'
57653.061013155006 20.23500227574462 0.006857531325032029 b'g'
57657.20832835 20.232517314864076 0.009371372114717502 b'g'
57662.23899273 20.26802487870521 0.00866436802256132 b'g'
57666.028412390006 20.272812299373086 0.008618822312335251 b'g'
57670.99386641 20.283201333059225 0.026623264175459127 b'g'
57671.00739619 20.30711652569656 0.018247029568470907 b'g'
57680.00954894 20.20380688750166 0.01215567236203035 b'g'
57681.008070234995 20.201191129652017 0.014336828420222941 b'g'
57682.009550845 20.25453354728582 0.010342479186159556 b'g'
57686.01364525 20.254215280675304 0.009073575772142885 b'g'
57690.09593703 20.29973960464221 0.012541044537151436 b'g'
57694.018094294996 20.290552445566455 0.007338608278832757 b'g'
57701.03272582 20.33560959928766 0.01606065512066131 b'g'
57708.056357385 20.277818815496577 0.016365303349567952 b'g'
57714.0569117 20.298063043360653 0.008937820962362508 b'g'
57718.035011814995 20.26807937331309 0.010252566847192644 b'g'
57719.037181865 20.296321742775415 0.00784651521987481 b'g'
57723.12958818 20.2899683539005 0.011414483306793954 b'g'
57730.045874970005 20.348853664422123 0.01394690707895536 b'g'
57740.05698873 20.30307979160596 0.008211281192295417 b'g'
57747.049831255004 20.32892119206517 0.007566618641821644 b'g'
57752.05907336 20.3380023144463 0.010684661598414635 b'g'
57759.06335474 20.340400780218797 0.02445705257115449 b'g'
57760.0504428 20.34185730818791 0.02400201994510809 b'g'
57772.03959318 20.29841938136571 0.021610772780775278 b'g'
57773.04639077 20.328122038148088 0.014352446780549146 b'g'
57780.03702073 20.320585291769266 0.032367678867061045 b'g'
57781.03688486 20.39383981850345 0.03145424952394649 b'g'
57981.21672658 20.25120135632942 0.013923311436492725 b'g'
57985.23821251 20.258360447115606 0.010554649835434304 b'g'
57990.24413175 20.289301643407132 0.008217818219410589 b'g'
57994.31635709 20.25966742992636 0.011823863824826475 b'g'
57998.117760324996 20.2858165932344 0.0208230068076466 b'g'
58007.09880819 20.239400560854357 0.013349662951100072 b'g'
58014.07756244 20.327999848748533 0.009044850852365727 b'g'
58021.053729039995 20.301868517471135 0.014325078364357612 b'g'
58025.03810264 20.410997009071682 0.03859998246088381 b'g'
58036.012223315 20.325267676673747 0.009191573924181663 b'g'
58039.99921291 20.33165280971445 0.015719096759099216 b'g'
58040.03448104 20.284008601966637 0.012548839061000905 b'g'
58045.00905887 20.304028229822233 0.009817948107179276 b'g'
58052.011908835004 20.33387929944181 0.011690168988750454 b'g'
58057.019878715 20.41878161357132 0.020475462648865204 b'g'
58064.020556915 20.299459913610228 0.008862857044104675 b'g'
58071.0398529 20.273185937127245 0.010438491392257276 b'g'
58076.10703974 20.223260236840087 0.012462256208554123 b'g'
58081.07956713 20.25064948777206 0.00767774791871904 b'g'
58085.102926499996 20.187731100619647 0.022509651086937407 b'g'
58086.0470885 20.32469775742898 0.0343980398400241 b'g'
58093.08517109 20.27152529417685 0.008535091529219064 b'g'
58099.14396657 20.20649832106044 0.025255286370409635 b'g'
58107.10007776 20.223734847015393 0.009866863603274822 b'g'
58117.050158084996 20.22120925679463 0.022394168830364904 b'g'
58124.0900377 20.262499651741578 0.009741560151560691 b'g'
58125.04535833 20.276116574602046 0.014510412372509053 b'g'
58127.047925 20.289089351694066 0.011829494305924726 b'g'
58134.04137485 20.348858987405215 0.020331729322279557 b'g'
58372.260031765 20.313883956627237 0.006934426660155605 b'g'
58401.044720310005 20.37914042402569 0.008809254587587224 b'g'
58431.105797555 20.372007955629012 0.007806753532242066 b'g'
58450.17334712667 20.345304753350515 0.008528574532947326 b'g'
56520.214454232504 20.0428070497083 0.006153660900268595 b'r'
56534.172135565 20.026649272456172 0.006202929387447832 b'r'
56538.15636279 19.992878548350284 0.006491443639541096 b'r'
56543.100848895 19.98038775303817 0.009237085957052728 b'r'
56547.089730655 19.96950941247311 0.01081356591145282 b'r'
56558.05410251 20.000110802135644 0.01064615315925721 b'r'
56563.045969255 19.968752427788672 0.008379879531594216 b'r'
56567.077169835 19.990088984744922 0.053549452733764775 b'r'
56575.023483585 19.966800148706508 0.007027706178316626 b'r'
56578.26286915 19.96235970705949 0.0122877669182202 b'r'
56579.008132855 19.94746388576819 0.012982531720737439 b'r'
56590.02023476 19.973128884787563 0.01869703585954043 b'r'
56594.02154662 19.977011351230995 0.007553759616038841 b'r'
56602.02234311 19.987677117124694 0.006723512105095878 b'r'
56609.035386745 20.033336187593456 0.010757191223119432 b'r'
56615.06985163 20.012630509260248 0.016306558029626217 b'r'
56625.157531665 19.979087838662313 0.006403383358993511 b'r'
56628.042944535 19.998795754254918 0.006749400607054692 b'r'
56633.15725166 19.991619085397886 0.012102186912152035 b'r'
56635.09261036 19.999932549260322 0.01016804970591234 b'r'
56642.050455365 20.00582803581036 0.025025921229041535 b'r'
56645.11671722 20.006025028123446 0.014542817252472964 b'r'
56649.05310541 19.999027955921665 0.008006986579236042 b'r'
56650.05106403 20.01889664145683 0.009366082297962208 b'r'
56656.04906289 20.021524531430423 0.009134518189537033 b'r'
56657.04745678 20.028101999296396 0.011290833400785516 b'r'
56667.05473489 20.050913638626938 0.01232186824652183 b'r'
56675.06686538 20.057648275774962 0.017929579428070757 b'r'
56682.062475405 20.05033526866011 0.009189340009755975 b'r'
56687.0556362 20.03224446414169 0.014766299855100584 b'r'
56690.05295678 20.038175554729545 0.01295101378167729 b'r'
56695.03331647 20.00964693846131 0.01853020438858266 b'r'
56697.05356411 20.036890429434496 0.02049015931363485 b'r'
56877.18135858 20.08805465058382 0.02831978878930741 b'r'
56885.21180161 19.953557785871478 0.013884448245214287 b'r'
56887.21331552 19.990255212798548 0.008301089785980764 b'r'
56890.22008576 19.96482304238065 0.00976758199660921 b'r'
56891.37955193 19.97472523193603 0.011089751984403762 b'r'
56903.11583552 20.03335421941247 0.017592064795929604 b'r'
56912.09171739 20.005025658681042 0.01289077060796951 b'r'
56916.09124141 20.019205837660873 0.04027087854055722 b'r'
56920.07035085501 20.005076974822376 0.00744779282048113 b'r'
56924.14369764 19.99310722338301 0.009383394077168816 b'r'
56925.16034257 19.984597811984372 0.011002958676805008 b'r'
56930.123038005 20.00481377000144 0.007663491057770802 b'r'
56943.01370599 20.014231763003284 0.009624696810695721 b'r'
56949.023126795 20.022879941069487 0.012711446177833003 b'r'
56953.03308055 20.024511769981235 0.012025455809393293 b'r'
56956.01046727 20.02067901125928 0.009687525644146433 b'r'
56957.00780169 19.96842388671889 0.018867403531999116 b'r'
56960.17304073 20.02776789914828 0.010569648088981864 b'r'
56961.01128812 19.956132685516422 0.026992388314756255 b'r'
56973.069561755 20.020579284260055 0.00626943003259966 b'r'
56976.20382031 20.030143396344993 0.014412667884617038 b'r'
56978.21250945 20.059809130125572 0.01469850332380318 b'r'
56980.033024015 20.04178350573171 0.006178505008064769 b'r'
56987.037147835 20.053981831798136 0.0068595332101020765 b'r'
56990.04482671 20.18709616606025 0.18043748412333827 b'r'
56992.041848825 20.067922511738836 0.011390726704843387 b'r'
57002.04570725 20.067758181274495 0.006724252316236311 b'r'
57011.051568775 20.031244312398055 0.00619304161062285 b'r'
57016.1068791 20.06658794508473 0.009880005687200821 b'r'
57017.07592319 20.064033368478384 0.011690535404135005 b'r'
57025.05261899 20.0346339387486 0.016457543483821873 b'r'
57030.069545825 20.040833251210458 0.010403190773818785 b'r'
57037.069411745004 20.042742888283833 0.007634938859091107 b'r'
57042.09052688 19.991717634506696 0.01383954697179135 b'r'
57044.04663551 20.045573218704455 0.012942989816146167 b'r'
57049.04362312 20.08709387675406 0.018314131107789677 b'r'
57051.0384225 20.068464919034454 0.018654817042225602 b'r'
57235.186405275 20.15220048373176 0.032925512584970396 b'r'
57248.39054695 20.0507852606211 0.013407284530077907 b'r'
57252.2243879 20.145224739739323 0.007765424444726369 b'r'
57256.21141339 20.079955252734475 0.017030019016466724 b'r'
57257.22061185 20.15946283864182 0.012582779004058058 b'r'
57265.21851231 20.182457866225867 0.02122196072878149 b'r'
57273.205883415 20.137521398961393 0.008929858295484663 b'r'
57277.08623749 20.139406311246038 0.01352565260682681 b'r'
57278.18775849 20.157379587535896 0.010186970334327583 b'r'
57281.07457037 20.165467951710013 0.1005671872179974 b'r'
57283.11257041 20.104746731907817 0.01941235335682866 b'r'
57290.05108677 20.25461500759011 0.04397551458433213 b'r'
57291.08116696 20.183526250500336 0.03360174950906725 b'r'
57297.038750135 20.103582300138264 0.014474200854974901 b'r'
57301.041824535 20.14672862592404 0.023740341027770485 b'r'
57305.05967497 20.135534209444703 0.013856278668750093 b'r'
57311.015853984994 20.140716630580286 0.01062053625513085 b'r'
57315.15878022 20.145471754580004 0.014973552773875019 b'r'
57316.0078852 20.14772933243355 0.022778743647918986 b'r'
57325.01864611 20.11345178763841 0.008845642014108014 b'r'
57329.02408787 20.135708337297224 0.009913517189002035 b'r'
57334.208161135 20.127999539172517 0.008227033878421055 b'r'
57339.02094186 20.11656587868604 0.015113029195084948 b'r'
57340.06579218 20.128072679837313 0.011300717016251127 b'r'
57342.0237807 20.12545748718599 0.011867287905531043 b'r'
57344.03637441 20.161029083289222 0.01936634388767189 b'r'
57347.07879212 20.14648425439392 0.02118773429084797 b'r'
57355.14419479 20.10242179255704 0.017183939839839013 b'r'
57356.12249877 20.131929339837306 0.010097319741721122 b'r'
57365.03858339 20.126546245304624 0.011604516327373915 b'r'
57366.0408607 20.10390758048306 0.01019304126392484 b'r'
57371.0510501 20.122989150231128 0.01128760415081942 b'r'
57373.03794872 20.130821062265884 0.018475871164387314 b'r'
57376.04214082 20.112628886924497 0.03316600893890964 b'r'
57379.04607049 20.143531872751943 0.023074436757426042 b'r'
57385.09485162 20.091279518066766 0.013113191777925692 b'r'
57386.04427077 20.096472930648016 0.013230581938142194 b'r'
57389.0595156 20.119354854213146 0.011889457389269609 b'r'
57394.05901724 20.1035088767657 0.012400162571793771 b'r'
57396.04682922 20.10155470187113 0.013226318341519772 b'r'
57403.04700967 20.11748271739107 0.014582961562588537 b'r'
57407.04390453 20.15522859586 0.023044784407726837 b'r'
57614.22352942 20.135153926893217 0.01760437628103162 b'r'
57623.2171744 20.15197178556763 0.011301368422874629 b'r'
57627.358962645 20.139619517280675 0.029678875566824296 b'r'
57629.217656305 20.140163325222325 0.006806153527858272 b'r'
57633.220597215 20.14787982019604 0.007778722983118154 b'r'
57636.2060538 20.144711340416887 0.015364525510598526 b'r'
57637.212757885 20.13646165945025 0.009613977630274662 b'r'
57638.09640335 20.12971033806427 0.03649056794704464 b'r'
57641.09204375 20.12071947037174 0.02343636778523006 b'r'
57642.1439925 20.144167872099672 0.027308539467764348 b'r'
57645.08959887 20.32899792015395 0.044306443300474285 b'r'
57653.063366924995 20.158345756355832 0.008038246196199477 b'r'
57657.204003495004 20.170677593795254 0.008655867419511952 b'r'
57661.06804847 20.19489601183534 0.011125519329368672 b'r'
57662.24134961 20.20614238402047 0.010217993742610787 b'r'
57666.04596201333 20.200120680348324 0.008389678824677452 b'r'
57670.99623536 20.20708298692422 0.019881377956103563 b'r'
57671.00975832 20.17729205082867 0.016400386764175323 b'r'
57680.01855455 20.10870781700988 0.020273718839632693 b'r'
57681.01707404 20.175934274164423 0.019312595665340382 b'r'
57682.011916564996 20.20070713265741 0.013208942775188026 b'r'
57686.016008385 20.20911443648427 0.012496700785499094 b'r'
57694.02045359 20.22093258077017 0.008792945602267557 b'r'
57701.03507754 20.236208233897298 0.013931046542011197 b'r'
57708.05870488 20.23990285894409 0.014453123524122187 b'r'
57714.05255783 20.209324857268886 0.008740981508159903 b'r'
57718.037369435 20.179250057344298 0.01082274435880871 b'r'
57719.039539375 20.223102050544007 0.008450254380206735 b'r'
57723.125227315 20.22341980027542 0.009700681869760228 b'r'
57730.04823107 20.231976915938894 0.012722961188322454 b'r'
57740.052625385 20.224938905746782 0.006750171000587087 b'r'
57747.04551826 20.266028624347868 0.012546862756117605 b'r'
57751.06017037 20.272847128287395 0.014290269879484896 b'r'
57752.06143894 20.23590906905921 0.01232638027826738 b'r'
57753.07655087 20.24790394882209 0.015373321555561148 b'r'
57759.06571087 20.298481951474194 0.018563198516453383 b'r'
57760.05279916 20.239171517559697 0.021297466981394564 b'r'
57772.04193503 20.28166183694116 0.017846848233055823 b'r'
57773.04874925 20.26068609158085 0.012643185187013017 b'r'
57780.03938355 20.27266450298417 0.023966348638879253 b'r'
57781.03923452 20.292515993848063 0.021793043032531045 b'r'
57981.21234893 20.147198437305615 0.015484666149827775 b'r'
57985.228399945 20.174009945338828 0.008049499122684727 b'r'
57990.239770115004 20.172043428393685 0.0074373683523833185 b'r'
57994.312020294994 20.179595106639205 0.01003982962118686 b'r'
57998.120118524996 20.225611791390207 0.015894647540692794 b'r'
58007.094409444995 20.201581326804803 0.010615750392538524 b'r'
58014.073193185 20.21596206199446 0.008238846637687727 b'r'
58021.05609374 20.19933164142466 0.017424863076849956 b'r'
58025.04046127 20.13653569717977 0.030524565800782003 b'r'
58036.01457641 20.237464751939196 0.010831300484735806 b'r'
58040.01920181 20.21456631424362 0.01196706609304775 b'r'
58045.011422045005 20.20559923975225 0.01135293289064004 b'r'
58052.01427672 20.251074609156497 0.01044152309522709 b'r'
58057.022232665 20.258140608832676 0.01608349367134548 b'r'
58064.022911199994 20.214399827987314 0.009027504872714866 b'r'
58071.0354809 20.196895112557304 0.008267260164971719 b'r'
58076.078201445 20.198055591187927 0.008926348364488508 b'r'
58081.081940185 20.20470679123319 0.008217876396081583 b'r'
58085.10527997 20.122819465902214 0.019640522001036546 b'r'
58086.04945196 20.216068696663168 0.027737262620810554 b'r'
58093.087531835 20.22348367742272 0.009049420448958389 b'r'
58095.09404977 20.2258766397459 0.013023026415329042 b'r'
58099.12453956 20.19508150390496 0.011190460490637235 b'r'
58107.095698075005 20.17349038047486 0.007787212725968239 b'r'
58117.052523695005 20.206044786769787 0.016895072608220433 b'r'
58124.09239515 20.177096556337272 0.01018941351076208 b'r'
58125.04770932 20.230325047992164 0.0130059605166295 b'r'
58127.05029141 20.15632621130421 0.01179805994656391 b'r'
58133.04964024 20.170283637522484 0.014277862124405518 b'r'
58134.04372602 20.202413702984593 0.016641245233593338 b'r'
58372.261752324994 20.220066393694072 0.008451045919029888 b'r'
58401.046449895 20.27863837826102 0.010171094669262136 b'r'
58431.107522005 20.278804626063188 0.009024373470707113 b'r'
58450.17403337001 20.28510310461539 0.008071974592678841 b'r'
56520.233554110004 19.893327811913956 0.007580446295142229 b'i'
56534.17420162501 19.873085971640986 0.0073152738337556155 b'i'
56538.15844011 19.874174619529718 0.007815077591437078 b'i'
56543.102918649995 19.85767939665459 0.011452604876072678 b'i'
56547.091803855 19.82710337858623 0.010172556590211573 b'i'
56551.08185994 19.7815051749079 0.029151062919574144 b'i'
56558.05617123 19.830095014381406 0.013040218006523219 b'i'
56563.048045815 19.82383242918881 0.010304422652313912 b'i'
56567.079253970005 19.74316531256521 0.06991239334553402 b'i'
56575.025551155 19.8276737054839 0.007509917515650207 b'i'
56578.26423749 19.834656880647792 0.01693792397724536 b'i'
56579.01020328 19.85845209570404 0.012289915197753819 b'i'
56590.022319615004 19.82230219143746 0.029494607684289572 b'i'
56594.023629145 19.842741053287828 0.009386045583526589 b'i'
56602.024418655 19.831674346252882 0.007969823641607388 b'i'
56609.03744973 19.855704752667936 0.010062428425673649 b'i'
56615.07198343 19.83902455436262 0.014637596152638821 b'i'
56625.159610625 19.846509028728658 0.0075843944188693155 b'i'
56628.04503378 19.847040303220865 0.008116418684885936 b'i'
56633.15862435 19.86209074959354 0.02009277640393492 b'i'
56635.094678659996 19.866722127234052 0.010933159037159143 b'i'
56642.05253774 19.892947755891704 0.02642897258318734 b'i'
56645.1187862 19.854420752844405 0.012178717706644263 b'i'
56649.05518252 19.84604556074111 0.010233204388065074 b'i'
56650.0531507 19.85603892431412 0.011287771228200683 b'i'
56656.05115031 19.861714944724536 0.010521458737972722 b'i'
56657.04954368 19.87004340679464 0.014715883129863274 b'i'
56667.05681374 19.874806734974616 0.01219250184431163 b'i'
56675.068943460006 19.890505540517896 0.015512342410667504 b'i'
56682.064547905 19.84876499527265 0.011430558311538993 b'i'
56687.05772012 19.872518022614287 0.016815483972983714 b'i'
56690.05504417 19.883079297668935 0.014377325222074688 b'i'
56695.03541671 19.837138664873788 0.017323209315783572 b'i'
56697.05563522 19.8647630216208 0.020313433680371418 b'i'
56877.18342539 19.851217440854345 0.021666969561540128 b'i'
56885.21387768 19.839648863025506 0.012439068548481202 b'i'
56887.21538014 19.828469144795502 0.009031337653333082 b'i'
56890.22213917 19.7934581649298 0.011894550202935505 b'i'
56891.38162205 19.816732555094866 0.01466004766622575 b'i'
56903.11789952 19.84071172377961 0.017222528375136142 b'i'
56912.09377777 19.83430047610412 0.01167403296600887 b'i'
56916.084501665 19.811590633224192 0.05063843250926841 b'i'
56920.072415495 19.849090013761412 0.008955539754077459 b'i'
56924.14576928 19.841743000522975 0.01078601681797764 b'i'
56925.16239904 19.858119628401653 0.010922891789036271 b'i'
56930.12511 19.85771998058536 0.00824624439292803 b'i'
56943.01578339 19.853697095956395 0.011479039949438025 b'i'
56949.025180465 19.869394337599616 0.008653274118001266 b'i'
56953.03817548 19.904309010734803 0.014673713021100099 b'i'
56956.01253673 19.858684474142585 0.011977821916701714 b'i'
56957.00986131 19.83968840628669 0.0210841081578792 b'i'
56960.17510419 19.8585361458926 0.011556583677517551 b'i'
56961.01334605 19.855693965038597 0.018493142026756004 b'i'
56973.071625635 19.874790746568266 0.007072954520952885 b'i'
56976.20518337 19.876323643981173 0.02307159857290486 b'i'
56980.035086775 19.874996477940993 0.007554388905391461 b'i'
56982.06435153 19.915439355327145 0.019291368075787574 b'i'
56987.039208079994 19.89715562113986 0.008134841091284038 b'i'
56990.040182715 19.90719597189209 0.041126053808949736 b'i'
56992.043911285 19.889308181421697 0.010578617232615623 b'i'
57002.047770845005 19.897552451613578 0.007866200016566906 b'i'
57011.053630680006 19.892260286517892 0.007200013278890084 b'i'
57016.10895123 19.888696965956346 0.012585227078478312 b'i'
57017.07798067 19.898990021447393 0.015003714711991021 b'i'
57025.054677595 19.88312788830834 0.013681984140408845 b'i'
57030.071608415004 19.88439092898027 0.010068991682984602 b'i'
57037.071471314994 19.8990525687262 0.009897204993259518 b'i'
57042.09258269 19.861570202774786 0.014445622665160585 b'i'
57044.04868832 19.896644184551842 0.014725788494828864 b'i'
57049.04567932 19.88804850739951 0.01736880843725075 b'i'
57051.04048593 19.872803085090652 0.016788466365937893 b'i'
57235.188465425 19.980177853198533 0.023250242581611038 b'i'
57248.40767077 19.92276175012568 0.022420868231286306 b'i'
57252.226447940004 19.966451146553066 0.00985359162046236 b'i'
57257.22266683 19.972429384772614 0.012725459859611037 b'i'
57265.220575305 19.97920800418802 0.014690156573217289 b'i'
57273.20794439 19.969813060726764 0.009023378993638153 b'i'
57277.08829994 19.96131291158606 0.015437578105736094 b'i'
57278.18983727 19.976884077275358 0.010991496226644415 b'i'
57283.114639145 19.96732266285617 0.017226590190573054 b'i'
57287.07376989 19.91951736176469 0.02549119859192217 b'i'
57290.05317268 19.97290841672024 0.039075274125309534 b'i'
57291.0832247 19.96995775551127 0.023655782890923405 b'i'
57297.040810089995 19.933403060283457 0.01846880406088494 b'i'
57301.043889730005 20.002058632585342 0.03276001311150626 b'i'
57305.061733099996 19.950437841800664 0.016743486948530204 b'i'
57311.01791187 19.954481925169 0.012468573577453072 b'i'
57315.160856665 19.941920910117634 0.014923520548953594 b'i'
57316.00994151 20.01220607832381 0.0225649494523239 b'i'
57325.020709414996 19.94814074997066 0.010204205563371033 b'i'
57329.026155055 19.969080233986187 0.01117763995156625 b'i'
57334.210227805 19.971346369440155 0.0083085442106393 b'i'
57339.02299419 19.940048229866363 0.017094644973820294 b'i'
57340.0678575 19.962023575008896 0.013279430183086305 b'i'
57344.03843107 19.929332626257086 0.013173331586457948 b'i'
57347.08084908 19.983813019840348 0.016732443478151282 b'i'
57355.14626723 19.9272267082177 0.014667993484877682 b'i'
57356.12457718 19.8830222398959 0.011614026187174886 b'i'
57365.04063888 19.930681939116617 0.012528380443526999 b'i'
57366.04292527 19.948729859536655 0.012464727490204552 b'i'
57372.03558751 19.924677053362316 0.015158254384587623 b'i'
57373.04001333 19.872573262653663 0.021090890228233405 b'i'
57376.04419778 19.883867501634413 0.027274964536601942 b'i'
57379.04813306 19.968787562285673 0.019274365847802954 b'i'
57385.09691707 19.95275559448261 0.013901176315535224 b'i'
57386.04633257 19.92353508687516 0.015671134173434353 b'i'
57389.06158309 19.95080580587689 0.01467432585606332 b'i'
57394.06107899 19.922934597997198 0.014958966962037579 b'i'
57396.04888738 19.955053561634404 0.015067882337842065 b'i'
57400.10517783 19.96611890329178 0.01891445966329286 b'i'
57403.04908065 19.950042126347206 0.014917439832359491 b'i'
57407.04597683 19.910073920384484 0.018171859732863282 b'i'
57614.22559583 19.98510679032612 0.015951968292895913 b'i'
57623.21923432 19.96816720096101 0.009336479509430676 b'i'
57627.36101992 19.964557064634768 0.03483413137224327 b'i'
57629.21972274 19.96812654083819 0.007230742687816831 b'i'
57633.22266842 19.951595592160402 0.008268666712911167 b'i'
57636.20743071 19.957805938497007 0.01881492269906815 b'i'
57637.214832825004 19.949666550185892 0.01084549572822316 b'i'
57638.09847245 19.963223360141622 0.0355234522203034 b'i'
57641.09414254 19.91476149482864 0.02655261569594103 b'i'
57642.125727 19.964500641345982 0.013928907006505413 b'i'
57645.084909845 19.9256827469093 0.02087542541807226 b'i'
57653.06542911 19.999479654675213 0.009053640747620152 b'i'
57657.206075655 19.974247005867536 0.009931855974259734 b'i'
57661.07011024 19.976522739562792 0.012506889443088198 b'i'
57662.2434126 19.98993570603621 0.011576008190278486 b'i'
57666.032826484996 20.0180182911831 0.012238432105696953 b'i'
57670.99829704 20.00417116047226 0.02067772941067858 b'i'
57671.015795285 20.04618286006464 0.01376027451134526 b'i'
57680.02061687 19.949783124381952 0.029015992882808206 b'i'
57682.013970955 20.00914196070704 0.015663466596284096 b'i'
57686.01806196 19.989385525015283 0.015577686532195227 b'i'
57694.022516925 20.004655215313772 0.010138410397763184 b'i'
57701.03714449 20.002395332763157 0.01240464305949563 b'i'
57708.060769514996 20.045158730051156 0.012316704455242678 b'i'
57714.054632425 20.03179445758968 0.009916315490244399 b'i'
57718.0461469 20.026066374332917 0.014597839355801057 b'i'
57719.041601909994 20.024508886559378 0.009951147844756687 b'i'
57723.127295640006 20.021107690007955 0.012689720734136321 b'i'
57730.050290525 20.039918028578644 0.011008302788240158 b'i'
57740.05469266 20.017551592031875 0.007115267979474956 b'i'
57747.054251195004 20.04369186140139 0.008476866788278577 b'i'
57751.06224481 20.069917364573175 0.017732638362094377 b'i'
57752.06351042 20.05855499212735 0.014210655638727587 b'i'
57753.07792592 20.03451234071198 0.021710517081501735 b'i'
57759.06780275 20.04161251173733 0.01732941018416767 b'i'
57760.05486128 20.048196320914805 0.018692102789557907 b'i'
57772.04401061 20.034202064323367 0.017569514296859268 b'i'
57773.05082212 20.0544349881672 0.013227940504339841 b'i'
57780.04145086 20.084097945189725 0.02243001061846428 b'i'
57781.04130458 20.073042052433706 0.01902552275631919 b'i'
57981.22112824 19.967921320041533 0.03702722791150492 b'i'
57985.230474430005 20.015085011318966 0.008196682189332038 b'i'
57990.241828579994 20.000285788482387 0.008308356706508643 b'i'
57994.314087435 19.993132509683463 0.012805963539502753 b'i'
57998.122188274996 20.046692409327886 0.012803288872369478 b'i'
58007.096476880004 19.98317142063056 0.012538147151170746 b'i'
58014.07525374 20.020993327180374 0.0103693731928717 b'i'
58021.058158939995 19.9015520861573 0.01937549683781065 b'i'
58025.04254169 20.043205926668417 0.03348666232810871 b'i'
58036.016642785 20.047561885184685 0.012665131344303537 b'i'
58040.0212706 20.021005686788175 0.014628442802823735 b'i'
58045.01348273 20.02764050288275 0.013386540663764341 b'i'
58052.0163452 20.05440483610616 0.011037909286233522 b'i'
58057.02429604001 20.01431379447577 0.012739859198974038 b'i'
58064.024971574996 20.01015776431557 0.010113337783907111 b'i'
58071.03754973 20.01935230846258 0.009403368066037423 b'i'
58076.080275235 20.020627680860255 0.010092871330275933 b'i'
58081.08400186 20.02101074718224 0.00985266211117193 b'i'
58083.12764936 20.029682693628086 0.019658464795423214 b'i'
58085.10734635 20.026381348755315 0.01668548965413842 b'i'
58086.05152295 19.987548099586558 0.023192295333270607 b'i'
58093.089594685 20.036586361869876 0.010019393283709198 b'i'
58099.126602385004 20.026728895335406 0.014743088189036435 b'i'
58107.097771839995 20.00265813678939 0.00856229953152725 b'i'
58117.05459326 19.999339529651024 0.013845022922201267 b'i'
58124.09446162 19.995842872654706 0.011378173838096473 b'i'
58125.04978313 20.001948300994055 0.014427602819019114 b'i'
58127.05235415 20.000566250356062 0.013808567191990306 b'i'
58133.05169135 20.010000500314995 0.01636478161802657 b'i'
58134.04579981 20.02284797724484 0.01550661689357824 b'i'
58372.263471080005 20.048533973630686 0.011374988667594916 b'i'
58401.048178245 20.076771450630556 0.014392448963177528 b'i'
58431.10924299 20.106262728354388 0.011488009594643817 b'i'
58437.16423701 20.094823724663307 0.023019818042289586 b'i'
58450.180487075 20.066334225942853 0.01197037684457061 b'i'
