MJD_OBS MAG MAG_ERR BAND
56534.27255115 21.186414347937323 0.020185433792295232 b'g'
56538.32545702 21.18035355648494 0.026150177305307665 b'g'
56543.29564618 21.20385165442015 0.027456169243915696 b'g'
56545.38434587 21.257473564773196 0.028930831509320853 b'g'
56547.22620564 21.17918695155228 0.0342243467786858 b'g'
56563.21442903 21.346451201034775 0.027510192611771345 b'g'
56567.17108007 21.287561116996685 0.03325164132122893 b'g'
56575.14995317 21.37676913034103 0.027737965082575755 b'g'
56579.13918114 21.28372760195517 0.06905057898971734 b'g'
56590.29693141 21.249399809690665 0.09434938163650486 b'g'
56592.18788656 21.17728065047551 0.04455337888920852 b'g'
56594.10471237 21.277155520018646 0.03567303511363917 b'g'
56602.07712309 21.263568253847424 0.02292862526327255 b'g'
56609.06892575 21.30218343137109 0.06127090768109866 b'g'
56616.05929527 21.26381267282642 0.04817470546195324 b'g'
56627.124232175 21.180989192322393 0.018857289733785906 b'g'
56631.17721299 21.260464168001686 0.14807522085138558 b'g'
56635.04039533 21.21058593101578 0.047311752345972735 b'g'
56645.04977026 21.23200108546794 0.046678160581905104 b'g'
56649.11827883 21.019077450676907 0.030092840735530757 b'g'
56660.04722263 21.08537168181621 0.02825808953237896 b'g'
56675.04293128 21.088409457055597 0.049339998472554214 b'g'
56682.03895828 21.04567701083512 0.03382797762942502 b'g'
56694.03192676 21.167832075621778 0.0555364031411969 b'g'
56890.32816862 21.287709965179104 0.027827363672010108 b'g'
56903.38327382 21.268637200642676 0.03972238291659025 b'g'
56927.28034363 21.332549224770233 0.03631860415051946 b'g'
56932.21748548 21.36851245950315 0.043043961969349454 b'g'
56943.20180649 21.48389745428755 0.06673588521213247 b'g'
56952.11774662 21.47081312329422 0.03203641740381258 b'g'
56953.31651296 21.431318896171202 0.05608496221432091 b'g'
56959.10012355 21.26497664823642 0.04200414216972348 b'g'
56964.21531627 21.51022042817908 0.0703458220582327 b'g'
56973.18307285 21.424281279240574 0.03979441762728442 b'g'
56980.17867779 21.309163884872564 0.023291658378724378 b'g'
56987.17992482 21.387128538686028 0.024575804418049074 b'g'
57001.14650543 21.392104617712825 0.09452122812048813 b'g'
57003.04268242 21.39988081483508 0.029527299812244223 b'g'
57011.07065625 21.437009312723767 0.023847305879247216 b'g'
57018.04292847 21.312527007184542 0.06624714622934746 b'g'
57029.06564567 21.47987708603715 0.07363455357852189 b'g'
57036.05068902 21.49169496583054 0.03556333944477075 b'g'
57042.07353677 21.232391610248268 0.04393645858165129 b'g'
57049.06518968 21.471383223652296 0.08646211234067636 b'g'
57248.38841221 21.16709673496648 0.05597130459443633 b'g'
57252.30287043 21.2271548061469 0.038596622853955154 b'g'
57265.2860869 21.44112667470497 0.17512744658095158 b'g'
57276.30981005 21.275786357544984 0.20381037555797832 b'g'
57277.30738532 21.303134121041793 0.03743291437422158 b'g'
57299.21793666 21.388932969511764 0.07575347219164996 b'g'
57304.20522842 21.21904725772438 0.0398363611551531 b'g'
57311.29366614 21.283014053944516 0.03469379572052134 b'g'
57315.20571904 21.249838931666737 0.044977124756925946 b'g'
57329.16868387 21.37486481352989 0.03333988093885054 b'g'
57339.11740224 21.276044912202913 0.044401373461028015 b'g'
57345.22678645 21.38569869270804 0.04013632176672388 b'g'
57355.20998239 21.540297752673137 0.09483631217651123 b'g'
57361.19883947 21.48501578517263 0.04236780076729474 b'g'
57372.0996086 21.519160050802526 0.04539663818050954 b'g'
57385.06428003 21.451873911861114 0.036534667472786 b'g'
57389.10905096 21.497895541283036 0.03944659974057174 b'g'
57428.05614653 21.346545884236846 0.052812600325299996 b'g'
57615.32213041 21.302806552729308 0.07603391612896715 b'g'
57626.276511 21.32892470420648 0.03990727692388418 b'g'
57633.26310456 21.087140389555962 0.031723459434722656 b'g'
57637.27178996 21.21149900112723 0.03645640317522236 b'g'
57643.38471924 21.182499503188062 0.04419268813284205 b'g'
57653.30543171 21.400412418899382 0.05059048542010203 b'g'
57657.38141749 21.251034662434115 0.03530638546565612 b'g'
57663.30674646 21.294690982551543 0.03145372475439956 b'g'
57670.12177779 21.162567213001484 0.06943700374236528 b'g'
57684.11212984 21.151597136429064 0.049643789283063455 b'g'
57688.15470256 21.366256617314185 0.0326074755421395 b'g'
57694.29613746 21.396109479916735 0.1774610070958964 b'g'
57695.09246022 21.151967703702955 0.05112109872520776 b'g'
57714.23755852 21.22983018381942 0.040469546821437774 b'g'
57718.17915362 21.199898456052097 0.031368718774064774 b'g'
57721.13425032 21.372768780341644 0.03666737681335164 b'g'
57723.07683853 21.14675200976063 0.032185696306555656 b'g'
57730.10023237 21.192172566341345 0.06768711582300924 b'g'
57739.16813527 21.228435916355053 0.06409459150903274 b'g'
57746.04338473 21.30000197858447 0.025703435864389945 b'g'
57750.12396873 21.056345424150955 0.0365899137745771 b'g'
57756.0780291 21.18513475210925 0.03880442940014462 b'g'
57770.05084575 21.33460259135262 0.033322913291520706 b'g'
57778.04793592 21.16257693578658 0.04409358572524269 b'g'
57782.05371052 21.273742630560555 0.04409228518827035 b'g'
57986.30066655 21.315194660616424 0.036214476085717706 b'g'
57991.27315599 21.514893354849445 0.06288473363495228 b'g'
57996.35387954 21.511822139197818 0.07322468434168172 b'g'
57999.30137912 21.33654273847398 0.14859488490360206 b'g'
58010.22641608 21.37362035752339 0.035932024516348804 b'g'
58015.23272915 21.282709781169697 0.04935157921435973 b'g'
58021.27758168 21.361761007777588 0.04001222727321618 b'g'
58039.20044799 21.459952899683646 0.03065487384725429 b'g'
58044.29905314 21.529691372623265 0.03517853133029192 b'g'
58052.20401874 21.316979261015966 0.03948919858201094 b'g'
58055.28773155 21.45520234395552 0.03475395157835237 b'g'
58057.18888204 21.322482087287803 0.08353567908551085 b'g'
58064.18879986 21.58058046915692 0.09031491600707398 b'g'
58071.17719077 21.474284601866614 0.03134306595293168 b'g'
58076.19782221 21.557296420071243 0.047244766844713126 b'g'
58080.15103724 21.596856687974537 0.049407989145265674 b'g'
58082.17350415 21.611835145490087 0.04576759677955522 b'g'
58092.0612087 21.37745104430937 0.10049372077068597 b'g'
58097.14039579 21.602643351502266 0.039803156011981145 b'g'
58102.05419261 21.427946928250886 0.04199021606252984 b'g'
58109.06973417 21.643226920835353 0.03048342052147035 b'g'
58113.09041158 21.603643013666648 0.05005863750480799 b'g'
58122.1141673 21.64838239224608 0.0864374864802997 b'g'
58129.09484949 21.577671373134535 0.04638942030074489 b'g'
58134.08890847 21.481407940796476 0.03597321444638979 b'g'
58372.29640625 21.55390822766549 0.03059043814935336 b'g'
58409.22622641 21.34722543839154 0.05518543185252156 b'g'
58431.16972839 21.343692537403207 0.025618422211621805 b'g'
58453.15568697 21.271176614195742 0.021854021343489904 b'g'
56534.27491539 20.80007774981117 0.017496870805608206 b'r'
56538.32782695 20.83062400246123 0.02562851244981701 b'r'
56543.29801255 20.806918799869344 0.027146561311131023 b'r'
56545.3857379 20.893563237119636 0.022256612586836866 b'r'
56547.22856335 20.781634140766272 0.028368112767488185 b'r'
56563.21680791 20.942169602030763 0.02498454279855622 b'r'
56567.17345569 20.854751191623333 0.030546354255065463 b'r'
56575.15231323 20.910237012991836 0.022875677490816315 b'r'
56579.1415469 20.84144662071874 0.04108559670082457 b'r'
56590.29928636 20.835747637293522 0.05002505136619817 b'r'
56594.10707723 20.673719390256366 0.03737671417928823 b'r'
56602.07951107 20.815481641533534 0.020647209643232856 b'r'
56609.07128854 20.95138131290696 0.043468721474354766 b'r'
56627.1261706 20.771076061156215 0.01498531707392522 b'r'
56635.04275967 20.706591440040167 0.028748607015476324 b'r'
56645.05216995 20.82560882127932 0.03800752317389211 b'r'
56649.12064652 20.65785848114358 0.0241650044208761 b'r'
56653.10232488 20.613462247634974 0.02678170323616058 b'r'
56660.04957757 20.711869067828207 0.02003171875769283 b'r'
56667.09070261 20.62327319703806 0.05363914092191635 b'r'
56675.04530508 20.68415187797291 0.032875707863055936 b'r'
56682.04132571 20.677927302002477 0.027547810244406893 b'r'
56687.04099402 20.665582419769343 0.02814425274026533 b'r'
56694.03431907 20.667478304390105 0.043199212436533685 b'r'
56890.33051587 20.8261613967939 0.025404608268210893 b'r'
56903.38561995 20.797545063726307 0.03964296362426722 b'r'
56923.3177462 20.675285954929862 0.03376627992043524 b'r'
56927.28270873 20.81042893574508 0.029559922508397563 b'r'
56932.21985709 20.86088268213218 0.031782867496623624 b'r'
56952.12009572 20.86939933901786 0.02570876086952012 b'r'
56953.31787429 20.79705888648893 0.037670110518963185 b'r'
56959.10247041 20.886757529514504 0.028375502169932787 b'r'
56964.21766839 20.915348407151328 0.042503122842987295 b'r'
56973.18543443 20.89717526277517 0.026952682248456483 b'r'
56980.18103397 20.956648029256648 0.020576954541152048 b'r'
56987.18226769 20.888812932920256 0.021138894118951868 b'r'
56990.18289717 20.900372502656168 0.03748038145677768 b'r'
57001.14885861 20.77751187681513 0.05370901083930235 b'r'
57003.04502921 20.946272085291874 0.021554234283193807 b'r'
57011.07302528 20.921412801244706 0.018204474572421248 b'r'
57018.04529278 20.69421450639721 0.048159767732379066 b'r'
57019.04456072 20.755924114055937 0.05441202072036689 b'r'
57029.0680166 20.944076302535954 0.05525610411424253 b'r'
57036.05305713 20.990117620309025 0.024217641157392222 b'r'
57042.0758959 20.76843289161361 0.033957840747078194 b'r'
57252.30522053 20.805924114218133 0.037735127540837965 b'r'
57276.31218181 20.76973891924756 0.05446952988265252 b'r'
57277.30973616 20.878059806390613 0.03186983311795899 b'r'
57284.32614567 20.791232843152656 0.03844837367664766 b'r'
57291.22427073 20.941982870373586 0.07342361129462205 b'r'
57299.22030249 20.72053353248662 0.06565463771455526 b'r'
57303.16855064 20.765007676129223 0.04678312318662492 b'r'
57304.20760232 20.79669233346881 0.03330413007765287 b'r'
57311.29601161 20.90498788821288 0.026519258412751157 b'r'
57315.20808064 20.80644044487564 0.04527374314991306 b'r'
57319.13443951 21.0110441902322 0.06825050049194203 b'r'
57329.17104264 20.849986257106156 0.03227335456169911 b'r'
57339.11975826 20.790447430962978 0.03971131805811723 b'r'
57345.22914577 20.818953658001536 0.03447491353186649 b'r'
57355.21230785 21.05709460314387 0.04500282189724558 b'r'
57361.1961016 21.05569973695944 0.03014583295282236 b'r'
57365.10980652 21.03696808655859 0.020753619461945764 b'r'
57372.10195191 20.976171472829634 0.03336956313183492 b'r'
57385.06664037 20.989364096316248 0.02593244869591871 b'r'
57389.11141607 21.0272163477399 0.029932048793195776 b'r'
57626.27888769 21.015565805608045 0.027993015148531697 b'r'
57633.26547319 20.83382555612283 0.02833534701016305 b'r'
57637.27414823 20.66415189250926 0.03704256508338233 b'r'
57643.25822897 20.789776612722488 0.050283648080490906 b'r'
57644.36791854 20.947320676774698 0.08013982528220964 b'r'
57653.30779694 20.946912595757656 0.03480270523613527 b'r'
57655.27724278 20.98603081663823 0.03165781638261578 b'r'
57657.38378219 20.882188496961824 0.02795446267898427 b'r'
57663.30910343 20.854635623225185 0.0288219546107662 b'r'
57684.11448172 20.923837030559696 0.041538314594813386 b'r'
57688.15705937 20.981597116708706 0.02904559698080078 b'r'
57695.09481699 20.890013956344532 0.0394111885314139 b'r'
57702.0930785 20.955545008588036 0.05028860769996513 b'r'
57709.1620067 20.902330009774623 0.05602291940848403 b'r'
57714.23991427 20.85799284565348 0.03355366604866816 b'r'
57720.14448621 20.772238133311728 0.033286639346954416 b'r'
57723.07919533 20.78812052024226 0.02882642141677394 b'r'
57730.1025858 20.77185749575288 0.04797661961589128 b'r'
57739.17049014 20.93283259835718 0.04034195648318217 b'r'
57746.04573466 20.901790139776555 0.01908413223227257 b'r'
57750.12633807 20.851283306637736 0.02999669636383118 b'r'
57756.08038386 20.782567710554932 0.031001412889132496 b'r'
57770.05322472 20.955035958594177 0.023321635610674463 b'r'
57778.05030147 20.876077363112437 0.03907132833800375 b'r'
57782.0560822 20.71734109987118 0.03839002690085991 b'r'
57986.303008 20.82588795391206 0.034123409695986595 b'r'
57991.27551803 21.03260858321884 0.05686736970504924 b'r'
57996.35623731 20.880874134927673 0.06508669457652871 b'r'
58010.22877104 20.936273335823238 0.028696518333756416 b'r'
58015.23508709 20.806115150257504 0.03506321503073195 b'r'
58021.27994285 20.850393594121538 0.04051296012375616 b'r'
58039.20280354 20.919063966593427 0.029899979792698872 b'r'
58044.30140543 20.863250934555445 0.03306436789227263 b'r'
58052.20639267 20.928653593201588 0.030316569721033915 b'r'
58055.28636532 21.00153076403508 0.02679562418638426 b'r'
58057.19123751 20.9433722139393 0.04488886303187556 b'r'
58064.19116807 21.106667498255362 0.04384279273759262 b'r'
58067.22122417 20.894184355310923 0.04937567403777976 b'r'
58071.17954965 21.070699694348143 0.02690550697180782 b'r'
58076.20017115 20.95292525808706 0.030350028256801668 b'r'
58082.17585903 20.92065577070327 0.038678799156905086 b'r'
58097.1427453 21.061099301761494 0.029530530358563564 b'r'
58102.05655332 20.96705200741653 0.03525878316118636 b'r'
58109.07210065 21.06919213327977 0.024130192108479775 b'r'
58113.09277865 21.06833190800563 0.02864219058929507 b'r'
58122.11653925 20.964015345394234 0.04640594494625816 b'r'
58129.09721025 20.962366356040732 0.034163389775592634 b'r'
58134.09126918 20.955170527081812 0.030467282494811346 b'r'
58372.29812912 21.066647645619934 0.02594799512801771 b'r'
58409.22795891 20.91478539078446 0.03611497169720934 b'r'
58431.17146038 20.940434328560578 0.02576637023102535 b'r'
58453.15740825 20.884586018383875 0.01875563637474187 b'r'
56534.28759082 20.693654976923707 0.02801347893206696 b'i'
56538.32988669 20.72661613274437 0.029519553497884484 b'i'
56543.30009032 20.657684598611755 0.03202799441096715 b'i'
56547.23064042 20.643754606186945 0.030612432294955028 b'i'
56563.21888135 20.728589342332914 0.027724298340480402 b'i'
56567.17554272 20.60154409828298 0.03482845687847558 b'i'
56575.15439532 20.77929647071567 0.02269441905353986 b'i'
56579.14362511 20.67091714298025 0.03713804001065313 b'i'
56590.30136956 20.670717340923034 0.04667761846440044 b'i'
56594.10915315 20.519901351890773 0.04254706458509361 b'i'
56602.08157659 20.696779560950926 0.02360797685012983 b'i'
56609.07338949 20.576597825395503 0.037659222414095694 b'i'
56627.04108444 20.695591901714575 0.018577150011015675 b'i'
56635.04486459 20.581858765355 0.03136684824080049 b'i'
56645.05425054 20.60606573944431 0.02771437789651543 b'i'
56649.12273894 20.48028635648651 0.0324387877521346 b'i'
56653.10439718 20.505640557810302 0.02710216171653812 b'i'
56660.05166064 20.57892875027203 0.02343030007304847 b'i'
56667.09276401 20.61612230607096 0.04502016586523183 b'i'
56675.04737901 20.525124797547022 0.031325453307296414 b'i'
56682.04341177 20.561922819911857 0.028232691563879087 b'i'
56687.04305232 20.414774859716914 0.030886903101141172 b'i'
56694.03637159 20.568263365609596 0.03376413365716857 b'i'
56888.41547163 20.67379055372314 0.03859788488067295 b'i'
56890.33257637 20.656454894390734 0.03329606113756611 b'i'
56903.3876786 20.635527895114507 0.05894567541172791 b'i'
56923.31982588 20.552337700417638 0.03487925526991731 b'i'
56924.31395172 20.668132781405063 0.03102101276972036 b'i'
56927.28477319 20.701330965405255 0.030123951541021654 b'i'
56930.28630346 20.68823125720871 0.028080766791870104 b'i'
56932.22191212 20.623476520960395 0.028486334088842824 b'i'
56949.22640903 20.78904977368845 0.21629073353809503 b'i'
56952.1221554 20.77452150375628 0.03096159137576748 b'i'
56957.10820318 20.633811088503442 0.04479075584437453 b'i'
56959.10454345 20.691863356833974 0.032249040173812915 b'i'
56964.21973556 20.77448439363803 0.04251100733323909 b'i'
56973.18750085 20.75219797173495 0.023636673287395382 b'i'
56980.18309052 20.717738687550874 0.028950429818959122 b'i'
56987.18432131 20.7164039727178 0.02968964721789291 b'i'
56990.18497199 20.642051325490122 0.07126027245559641 b'i'
57003.04709966 20.783272303474902 0.025435041054848284 b'i'
57011.07507641 20.755447818399578 0.02260337399991741 b'i'
57018.04735314 20.623543743596162 0.04112351747666665 b'i'
57019.04662961 20.586402646132704 0.04406193758261879 b'i'
57029.07006275 20.615398657753797 0.04360609324136533 b'i'
57036.05512803 20.754400774381036 0.031232143656783506 b'i'
57042.07794813 20.705642280674418 0.03197406333941544 b'i'
57049.06961398 20.71362277365855 0.06930329150641157 b'i'
57252.30727805 20.697212658996463 0.04160056190363548 b'i'
57256.29686649 20.60189598225432 0.04246645961265472 b'i'
57265.29050769 20.74978498621533 0.057619361307477135 b'i'
57276.31423819 20.633349535912817 0.036381316042671585 b'i'
57277.31178213 20.752742236613585 0.03234480864215783 b'i'
57291.22634561 20.59342868661365 0.058315757564756154 b'i'
57299.22237621 20.84475460146504 0.09824509027870931 b'i'
57303.17061631 20.53919142870301 0.04267314171050174 b'i'
57304.20966236 20.645711906314347 0.036287353260814115 b'i'
57311.29807479 20.773297772569087 0.026079258047648324 b'i'
57315.21014418 20.70705369549864 0.04005486882062215 b'i'
57319.13650664 20.629623269531976 0.05958803982667149 b'i'
57329.17310891 20.799029428843056 0.03622927739527171 b'i'
57339.12182711 20.6372891980328 0.04070287586861099 b'i'
57345.231214 20.778983716030016 0.046038549258049954 b'i'
57355.21438013 20.849329460438963 0.038568153997214694 b'i'
57361.19747116 20.87135787521137 0.05209550198278734 b'i'
57365.11187659 20.872422875034747 0.025710455580032487 b'i'
57372.10401814 20.835252694404616 0.03318274045833647 b'i'
57385.06871931 20.882603601558927 0.03217700064214313 b'i'
57389.11347843 20.868400436536255 0.0385553910939791 b'i'
57396.1008563 20.874338570611545 0.03824986601321356 b'i'
57626.28094847 20.75630139634134 0.03368947475532735 b'i'
57633.26755178 20.72830051919489 0.03296732068008268 b'i'
57637.27621293 20.58531527655347 0.03996120236352496 b'i'
57643.26030669 20.681874488065052 0.04109229976169715 b'i'
57653.30986139 20.811712604574407 0.02788501698237056 b'i'
57654.28821639 20.804104635136035 0.03855945350393597 b'i'
57657.38584181 20.730046841486836 0.026292357144360068 b'i'
57663.31118535 20.751377678849074 0.029871042776651535 b'i'
57684.11655625 20.653506731998903 0.05256509931347608 b'i'
57688.1591317 20.850424369277494 0.03799336862802605 b'i'
57695.09688459 20.890956013672522 0.048993628764598895 b'i'
57702.09515427 20.84023617821345 0.03860518754270359 b'i'
57709.16408105 20.846115307665727 0.04467499469409475 b'i'
57714.24197371 20.558806238447122 0.04648129005410695 b'i'
57718.18359321 20.695494299601982 0.029280415898860213 b'i'
57723.08126534 20.72390542480471 0.03872120095211429 b'i'
57730.1046599 20.653563540314533 0.039322920663270367 b'i'
57739.17254835 20.716376585226627 0.03784334671351175 b'i'
57746.04780441 20.736778731095587 0.02114140654304464 b'i'
57750.12841312 20.54342696785248 0.03456678793476797 b'i'
57756.08245684 20.582582608627607 0.03489419348953504 b'i'
57770.05529668 20.78387197375636 0.02635222389223202 b'i'
57778.05236161 20.49980283495433 0.04736243901007242 b'i'
57782.05814151 20.576235594260325 0.03680277497380047 b'i'
57986.3050723 20.72404308968123 0.037193428390807526 b'i'
57991.27758768 20.859808722135945 0.09842185889815624 b'i'
57996.35829487 20.685295456122592 0.06052725618302545 b'i'
58010.23084315 20.796560672252834 0.03206660246770099 b'i'
58014.39826032 20.94957659123193 0.04346053349216206 b'i'
58021.28201914 20.66626491615404 0.03953340100998304 b'i'
58039.20487197 20.869573156183428 0.027372058551335954 b'i'
58044.3034687 20.76881176033215 0.0367958951824221 b'i'
58052.20846599 20.789279910125053 0.038881767326522265 b'i'
58057.19329816 20.796487118828885 0.038192109838167454 b'i'
58064.19324072 20.92653287635077 0.03572851071997363 b'i'
58071.18162976 20.899103207275605 0.029756239455096534 b'i'
58076.20224129 20.69201358981534 0.03717696236573431 b'i'
58079.17799904 20.80076145805224 0.049117896035465236 b'i'
58082.17791518 20.794571376572698 0.043797431750576266 b'i'
58092.06561406 20.72148574604591 0.057515050876133955 b'i'
58097.14482267 20.85566890622844 0.035410391072588254 b'i'
58102.05862748 20.718685029103113 0.03649041724311175 b'i'
58109.07417714 20.953239735242438 0.028100431773420812 b'i'
58113.09484769 20.891861279109172 0.028001841655488136 b'i'
58122.11860243 20.75882933205434 0.04238805659467104 b'i'
58129.09928786 20.725886529368452 0.04763885579473026 b'i'
58134.09332426 20.8811892813272 0.029033321790766564 b'i'
58372.29985219 20.88729465522276 0.033320252359757774 b'i'
58409.22970361 20.72286457548274 0.03938681798480204 b'i'
58431.17317026 20.813263564889624 0.037771753092265214 b'i'
58453.15913274 20.773848156532914 0.028588286692176723 b'i'
