MJD_OBS MAG MAG_ERR BAND
56520.203493605004 22.001098856410515 0.05260652707439178 b'g'
56534.15430651 21.973446268274287 0.03168576462815409 b'g'
56538.16077142 21.872102278603958 0.033789173965335095 b'g'
56558.05170611 21.942563768337845 0.03834399225310747 b'g'
56563.03684392 21.864273970199708 0.050085922969763885 b'g'
56567.08157911 21.897120749862147 0.11913685352904226 b'g'
56568.06568095 21.82465410793469 0.042459911844144216 b'g'
56575.02788286 21.899197966668066 0.04309126528540119 b'g'
56578.99898364 21.823555388831238 0.11932411837906187 b'g'
56594.02594675 21.813250411811044 0.0320227182896744 b'g'
56602.02672743 21.875841190394222 0.032311653539593976 b'g'
56628.0473868 22.002069161662394 0.036983331176315914 b'g'
56635.09704896 22.032114182070632 0.06955198947106567 b'g'
56650.04868646 21.93047859833466 0.03673498203679415 b'g'
56657.04510056 22.042635900529618 0.0492641209950051 b'g'
56667.05917723 22.012400779935152 0.13014969074529859 b'g'
56675.07130185 22.056641262045634 0.1250314602569027 b'g'
56682.06680341 21.873996969817814 0.061656151501697565 b'g'
56690.05057089 22.073449458304665 0.055610673488175166 b'g'
56877.17901317 21.869005174998826 0.15310502067864462 b'g'
56903.10670376 21.916086633585454 0.19387869383891854 b'g'
56912.08262963 21.79365803864971 0.08699646914361026 b'g'
56920.06125334 21.830275179950643 0.03534812552332056 b'g'
56930.1139305 21.92618691139478 0.04630388314267009 b'g'
56943.00467823 21.71564150680622 0.05059828180563386 b'g'
56949.01411542 21.815758867772622 0.03876544085846945 b'g'
56953.03073484 21.839332364507328 0.040721642467836716 b'g'
56957.00544218 21.77585117429696 0.07687241612757134 b'g'
56980.02388511 21.834790957378186 0.03679159353369599 b'g'
56987.02812471 21.798072113142766 0.03741603209105193 b'g'
56992.03268902 21.865448363908996 0.085287582098303 b'g'
57002.03660417 21.845210114132946 0.04728589736276945 b'g'
57011.04245938 22.02805237151109 0.0516648294925659 b'g'
57016.10451927 21.899541622305257 0.04888094308549995 b'g'
57025.04346855 21.825161181584683 0.11732350870456187 b'g'
57030.04381385 22.037304511782526 0.07841278201541613 b'g'
57037.06028836 21.98606301480455 0.04332285144545622 b'g'
57044.04426867 21.88966930444429 0.08478729421497633 b'g'
57051.03607356 21.94048600155888 0.13383417557940902 b'g'
57252.22878366 22.238521509449804 0.062358742851401416 b'g'
57257.21157761 22.270898083462605 0.07422987317800889 b'g'
57273.09339648 22.132219394685894 0.09055839084613382 b'g'
57301.03271813 22.36974417609174 0.12273539672407809 b'g'
57311.00675497 22.348390544658475 0.07511834828588704 b'g'
57315.14967559 22.125723541283392 0.11125112763325264 b'g'
57316.00554205 22.30175495913917 0.16843547013856153 b'g'
57325.02305454 22.18013680034818 0.0589546671044161 b'g'
57329.01499187 22.20105709877808 0.0787727417601829 b'g'
57339.01859335 22.363883804035705 0.07496394778661752 b'g'
57344.03399547 22.261255370914487 0.2026641646555909 b'g'
57379.04370512 22.45017711591664 0.17122321601392088 b'g'
57386.04190673 22.297177138346374 0.10455580382710039 b'g'
57400.10074256 22.44029165023254 0.11297132440212465 b'g'
57407.04154111 22.224926029919907 0.187115057764089 b'g'
57638.1867133 22.576238657925373 0.10886358315255507 b'g'
57642.14164349 22.52771151372266 0.21295249056520404 b'g'
57653.05430845 22.69411676827196 0.06978020293882281 b'g'
57682.00283828 22.47230705629127 0.12326114095790075 b'g'
57686.00693137 22.591868738065262 0.10761919371509876 b'g'
57690.10977178 22.530548088221593 0.09287292791665536 b'g'
57694.01142875 22.632081375372387 0.09662435427109983 b'g'
57701.02602829 22.523327329613764 0.11774550600431509 b'g'
57708.04966011 22.726023956573474 0.1301009482489377 b'g'
57718.02830773 22.56918417749052 0.13071591419502226 b'g'
57719.02905755 22.632917768337148 0.0825319629132828 b'g'
57747.04315489 22.606279526210372 0.08646632763004902 b'g'
57759.06335474 22.677880432001082 0.19023340284836365 b'g'
57998.11100302 22.19835815575449 0.18312637907231988 b'g'
58025.03810264 22.152599170582292 0.17737808817840062 b'g'
58036.00552352 22.151088057209172 0.0738272199988188 b'g'
58039.99921291 22.178271254003093 0.08418536768930096 b'g'
58045.00232915 21.946170954364867 0.06910893041664679 b'g'
58052.00521601 22.0306018299748 0.08432791298431752 b'g'
58057.01315436 22.033469299174293 0.11268476641382463 b'g'
58072.20310951 22.09580202590712 0.07019213236782207 b'g'
58081.04408819 22.01760847539716 0.061054377384500924 b'g'
58085.09620892 22.059674299945073 0.1764109691713749 b'g'
58093.11676706 22.06437205222677 0.10872208715859344 b'g'
58117.04341262 21.949379378870518 0.10417666906404222 b'g'
58125.04535833 21.97676639747676 0.07058964691066905 b'g'
58372.25688484 22.094461490090595 0.051354187820695785 b'g'
58401.0416046 22.320336083891462 0.05875017992342535 b'g'
58431.10267996 22.157287321985876 0.05821315348643807 b'g'
58450.17388358 22.146130773361303 0.07306049192489894 b'g'
56520.20652821 21.630807611923803 0.02893537060518634 b'r'
56534.15666855 21.576280792820352 0.034865195093200185 b'r'
56538.16313827 21.57410280140423 0.0319162987655659 b'r'
56543.09408201 21.54721661690572 0.045685419972343766 b'r'
56547.0829288 21.53746900747097 0.052447690105914546 b'r'
56558.05410251 21.473886707534422 0.03749784932576361 b'r'
56563.03920793 21.449374894664587 0.05861357784941035 b'r'
56575.03026888 21.462147022838383 0.03879269945154462 b'r'
56579.00134459 21.4994043812722 0.06599706645021541 b'r'
56590.02706045 21.56241576220093 0.1397937209009399 b'r'
56594.02831298 21.388426627615537 0.03612927414117095 b'r'
56602.0290795 21.51598728780767 0.031783571881899064 b'r'
56609.04218451 21.4815165678317 0.05464418124604009 b'r'
56625.16434433 21.50492787656522 0.034160185965109946 b'r'
56628.04976144 21.519304217547322 0.035537779549173365 b'r'
56635.09941383 21.56170598110513 0.04744190733731202 b'r'
56645.12352647 21.627575848062826 0.07372073401419499 b'r'
56650.05106403 21.47823689235892 0.03202066676788817 b'r'
56657.04745678 21.444594437907675 0.040748762521989335 b'r'
56667.06154977 21.63458380990896 0.06238998830181686 b'r'
56675.07364762 21.53827571153591 0.08811467364242986 b'r'
56682.06916324 21.507811042587477 0.046348189973116405 b'r'
56690.05295678 21.438076489483688 0.051097280171148896 b'r'
56697.05356411 21.515652955117087 0.06865160998261288 b'r'
56877.18135858 21.278445155798675 0.09537935269269582 b'r'
56885.21180161 21.315569484964644 0.040327311444574576 b'r'
56890.22008576 21.313075668367738 0.03242095290492841 b'r'
56912.08497427 21.324543208856756 0.059683799462519005 b'r'
56920.06360115 21.323590858006984 0.039642521847202516 b'r'
56924.14369764 21.430269336600173 0.031202879784881787 b'r'
56930.11627241 21.42823933189506 0.045246633414635085 b'r'
56943.00702583 21.47709266769835 0.05515657539055141 b'r'
56949.01645518 21.4310416486121 0.04763599778690519 b'r'
56953.03308055 21.442806682780276 0.038213606590232985 b'r'
56957.00780169 21.468982444356215 0.059799258950658185 b'r'
56961.01128812 21.51932548373327 0.0799123918876532 b'r'
56973.11598843 21.50692494655719 0.028496323495463823 b'r'
56976.20932356 21.39717764104565 0.05123251575308885 b'r'
56978.21250945 21.453510601323284 0.05687001783490331 b'r'
56980.02623811 21.48041811133903 0.031487879998337576 b'r'
56987.03048498 21.539572125690327 0.0339841226775377 b'r'
56992.0350478 21.49062959528471 0.05847451831005657 b'r'
57002.0389486 21.5512353001436 0.040545661210764194 b'r'
57011.04481752 21.52587370467556 0.03374434036040341 b'r'
57016.1068791 21.587279435733265 0.042351949644469755 b'r'
57025.04582902 21.60760377765713 0.08917878561529591 b'r'
57030.04615987 21.62225060263382 0.05265416233840625 b'r'
57037.06264668 21.581281133398367 0.04638228718449966 b'r'
57044.04663551 21.60146276229551 0.05660020852283765 b'r'
57051.0384225 21.659003790868404 0.07369628119530347 b'r'
57252.23112309 21.728246069671336 0.0528225784924743 b'r'
57256.21141339 21.885763108923644 0.08151763813370394 b'r'
57257.21392908 21.73760430129191 0.06846191308483895 b'r'
57273.09575089 21.713633664415646 0.08777760604596097 b'r'
57277.08623749 21.774353906437007 0.058518689255521394 b'r'
57283.0937159 21.656744612274565 0.13586875802895548 b'r'
57297.03204 21.70037565991763 0.09072500315692977 b'r'
57305.05292173 21.725783933596954 0.08189193291395469 b'r'
57311.00912202 21.828423846843247 0.07696341672987828 b'r'
57315.152038 21.713701813571507 0.08370145825865549 b'r'
57316.0078852 21.796259615347452 0.10974094530395462 b'r'
57325.02541524 21.776257364621387 0.05529814875151828 b'r'
57329.017355 21.869202060519797 0.06278082112586603 b'r'
57334.19015139 21.790824266173114 0.04938860272133283 b'r'
57344.03637441 21.852365723288386 0.10073263183766912 b'r'
57355.14419479 21.675446665201296 0.0888910288355298 b'r'
57365.03858339 21.89306114579367 0.0559732109240052 b'r'
57371.0510501 21.70545861250961 0.06016762775951179 b'r'
57376.04214082 21.71238290394934 0.15630549763096013 b'r'
57379.04607049 21.608421257476486 0.11821180337943105 b'r'
57386.04427077 21.866505583397085 0.07114972376358253 b'r'
57394.05901724 21.882376358351046 0.06402910621532598 b'r'
57407.04390453 21.949843033700436 0.10613298820726413 b'r'
57623.21045676 21.963214081408193 0.07431292810976586 b'r'
57629.20549126 21.896429521782373 0.042030851322262926 b'r'
57633.21388597 21.95383929657978 0.05249321635509574 b'r'
57637.20604259 21.83923878564073 0.07450422499440634 b'r'
57638.140873415 22.07738972487195 0.0636844287662789 b'r'
57642.1439925 21.952291735913846 0.13828636908452552 b'r'
57653.05665721 22.003010363613164 0.06082276412877263 b'r'
57657.19731645 21.889382988404535 0.060258161942723376 b'r'
57661.06804847 21.859303643463786 0.0488103449270767 b'r'
57666.02402363 22.039666140961344 0.06655978641617111 b'r'
57670.99623536 21.84205043616711 0.10589817315678829 b'r'
57682.00519259 21.893835932766347 0.11571692000502054 b'r'
57686.00929961 21.873232191168242 0.07409065094196521 b'r'
57690.10839296 21.928046116958384 0.0626675993421344 b'r'
57694.01378404 22.02109479382009 0.05710076414538178 b'r'
57701.02837474 21.825626914377843 0.09420259218673621 b'r'
57708.0520032 22.0089185297066 0.08165803180704145 b'r'
57714.04586125 21.804073666217946 0.06722131393791031 b'r'
57718.03065572 21.89710318772213 0.0759724299298945 b'r'
57719.03141634 21.840335761207907 0.06500241554625674 b'r'
57723.11851357 22.01429667544099 0.059509148007904855 b'r'
57730.04153215 21.93988359317366 0.07208635361866556 b'r'
57740.04591976 21.937917828960924 0.04457222057962085 b'r'
57747.04551826 22.10837189271252 0.057436219702566405 b'r'
57751.06017037 21.92267016436348 0.06041308727256833 b'r'
57753.07655087 21.964647595311906 0.07361642399409973 b'r'
57759.06571087 22.03608896931855 0.08027062617831149 b'r'
57772.04193503 22.153762900492776 0.09215577999579949 b'r'
57981.20562259 21.58954612479929 0.07839785717189685 b'r'
57985.21621369 21.826371856632512 0.044697639800205025 b'r'
57990.23304426 21.752683684478257 0.05256761837491197 b'r'
57994.30533397 21.62356421484185 0.06330569824000776 b'r'
58007.08765134 21.790564521430234 0.06160956657528516 b'r'
58014.06646113 21.727520470190328 0.04443616032381925 b'r'
58021.0493892 21.603778146828382 0.08429895290866085 b'r'
58025.04046127 21.6790601492105 0.09543331708544045 b'r'
58036.00788302 21.598031410070192 0.06201932891235629 b'r'
58040.00157098 21.807724409340487 0.06769259519559867 b'r'
58045.00469762 21.73304199593454 0.06179019943645514 b'r'
58052.00758442 21.783551667706277 0.05236270536153853 b'r'
58057.01550232 21.66388339119678 0.07916137702961734 b'r'
58064.01620265 21.682074184240147 0.0519088809545174 b'r'
58071.02873837 21.690566408485708 0.04736642378812661 b'r'
58072.20172425 21.694802381158212 0.05033126946309707 b'r'
58076.04700718 21.755305501217453 0.05349695860763859 b'r'
58081.0464752 21.63522087504476 0.050149804805364795 b'r'
58085.09856368 21.740200070861952 0.09902728264847482 b'r'
58093.11913063 21.710935305500765 0.07234879355291213 b'r'
58095.09404977 21.48903175940904 0.05211306651115066 b'r'
58107.08894513 21.512530243365646 0.03657580391398696 b'r'
58117.04578354 21.652882121831322 0.07750150819971678 b'r'
58125.04770932 21.486162401656774 0.04033672853005754 b'r'
58133.04964024 21.512717762787467 0.05357552544069577 b'r'
58372.2586109 21.715265350382687 0.041949884255650716 b'r'
58401.0433159 21.785488292754838 0.05754139753113918 b'r'
58431.10440896 21.73798954673494 0.04860296334117464 b'r'
58450.168729835 21.81545251440341 0.035801377758058715 b'r'
56520.22679833 21.030147837950768 0.027918070955525565 b'i'
56534.15873208 20.906795768625926 0.030066277086973514 b'i'
56538.16522594 20.840546591392464 0.02961291352687923 b'i'
56543.09613939 20.801366441295883 0.043442008474098515 b'i'
56547.08500347 20.9308392429949 0.03654371647803245 b'i'
56558.05617123 20.904449297244682 0.03541272446937782 b'i'
56563.04128013 20.887868343036672 0.03747754637725009 b'i'
56575.03233985 20.909729025649014 0.0287944782360654 b'i'
56579.00342381 20.911555637370185 0.04876204934761219 b'i'
56590.02913734 20.98424105389383 0.11037112518323511 b'i'
56594.03040489 20.836413825148384 0.03910613090033621 b'i'
56602.03115507 20.90734381506511 0.027894071092028128 b'i'
56609.04423997 20.890148710533715 0.03728714788766396 b'i'
56628.05183358 20.961122161080862 0.029673293126375455 b'i'
56635.1014805 20.85195227036304 0.04683253444414959 b'i'
56645.12558796 20.87182843232856 0.04202718345451473 b'i'
56650.0531507 20.969727287859136 0.03153603257737103 b'i'
56657.04954368 20.907599027308464 0.038571387607237995 b'i'
56662.07964757 20.944034045418874 0.04189730236527467 b'i'
56667.06363847 20.969585994655386 0.044359604025505206 b'i'
56675.07572608 20.935101739249653 0.05504599251387532 b'i'
56682.07123146 20.99434824387802 0.0429709079816476 b'i'
56690.05504417 20.862144796674656 0.03850160099624844 b'i'
56697.05563522 21.009977055105537 0.051665325458301936 b'i'
56877.18342539 20.914204167413295 0.052986623583827 b'i'
56885.21387768 20.83010442017364 0.03257826012713849 b'i'
56890.22213917 20.815898926202113 0.030024515217654365 b'i'
56903.11111936 20.84152676429756 0.053580406920772816 b'i'
56912.08703267 20.929368656156722 0.03968338708345342 b'i'
56920.06566137 20.84119668244101 0.030518247968004175 b'i'
56924.14576928 20.897558685336286 0.025989507909201848 b'i'
56930.11834274 20.862392460509593 0.030743686651497626 b'i'
56943.00910184 20.965221478246825 0.04597405744749139 b'i'
56949.0185116 20.928559895906172 0.03509698658025329 b'i'
56953.03817548 20.898643692404846 0.03733233311127293 b'i'
56957.00986131 20.91963881569251 0.04864247862081328 b'i'
56961.01334605 20.97117122380304 0.04670765579430025 b'i'
56973.11804811 20.922619438191433 0.024459128195751134 b'i'
56980.02830645 20.945790409506067 0.028417105375048383 b'i'
56982.06435153 20.89256770122951 0.051562221867943236 b'i'
56987.03255043 20.98479401682764 0.029752942406677363 b'i'
56990.03347379 20.899767095223037 0.19432571985517555 b'i'
56992.03711958 21.005302677214544 0.03711650563730373 b'i'
57002.04101244 21.016206911182998 0.031058606432658564 b'i'
57011.04687327 20.941440127147725 0.02688620935818875 b'i'
57016.10895123 20.999154706900022 0.03371440577789997 b'i'
57025.04788888 21.035821239847383 0.05095670007267472 b'i'
57030.04822133 20.987770308247256 0.0370096998094418 b'i'
57037.06471922 20.925689262444966 0.04017366587748583 b'i'
57044.04868832 20.937368603911118 0.038713985474711166 b'i'
57051.04048593 21.030683812039594 0.05560404115155749 b'i'
57235.19521893 21.182514780747006 0.1026720753967858 b'i'
57248.40767077 20.903560317494048 0.05666019207180284 b'i'
57252.23317544 21.042180852846442 0.03971291538259081 b'i'
57257.2159886 21.01564243719488 0.042508192782026555 b'i'
57265.21380838 21.144963990070988 0.05871921609309183 b'i'
57273.09780788 20.96625850549372 0.060114255876726475 b'i'
57277.08829994 21.041930072931123 0.04341818430379618 b'i'
57283.0957899 21.08100973470488 0.08010043962515923 b'i'
57290.05317268 20.991946653182776 0.07262805528741367 b'i'
57297.03410054 21.022463523973567 0.07856287376403515 b'i'
57301.03715019 21.130874445608733 0.15540311360065573 b'i'
57305.05497357 20.90150215166046 0.0640033256026058 b'i'
57311.01117828 21.170607756066133 0.050794026638413925 b'i'
57315.1541043 21.017547557591197 0.05530212019474945 b'i'
57316.00994151 21.118806291071056 0.05862796472782251 b'i'
57325.02747498 21.025218018356348 0.03706209064178978 b'i'
57329.01941609 21.082575098892267 0.040924946907697546 b'i'
57334.19221336 21.073895323758194 0.02912252240205504 b'i'
57339.02299419 21.004632634998085 0.04928752769846412 b'i'
57344.03843107 21.1189556845135 0.037700702782764495 b'i'
57355.14626723 21.14487103893173 0.04277952985011879 b'i'
57365.04063888 21.126715085706504 0.035573275014240124 b'i'
57372.03558751 21.0856669681977 0.053225615239899327 b'i'
57376.04419778 21.055640821323436 0.07053534721663368 b'i'
57379.04813306 21.075081624467543 0.05672109435250405 b'i'
57386.04633257 21.022783295689695 0.047154250144266996 b'i'
57394.06107899 21.204252090364232 0.042463147340757956 b'i'
57400.10517783 20.921916140221015 0.05601035937737109 b'i'
57407.04597683 20.9550393943606 0.05925986981536014 b'i'
57623.21252391 21.035370097803067 0.040494085126645984 b'i'
57629.2075575 21.053772394210636 0.027676351357126094 b'i'
57633.21595467 21.093880301152513 0.03324078719296253 b'i'
57637.20811797 21.016969653106628 0.04173022126292735 b'i'
57638.141217445 20.922497628353817 0.036893648311864743 b'i'
57642.14607078 21.029151317106283 0.056741957196052795 b'i'
57645.07815555 21.172631887452738 0.08190140486306774 b'i'
57653.0587229 21.063969405036318 0.032949136010746116 b'i'
57657.19939186 20.97186883002317 0.03321483232679867 b'i'
57661.07011024 20.993972527621743 0.03720777976974787 b'i'
57666.0260845 21.051221689219464 0.04264880001730731 b'i'
57670.99829704 21.042792544517937 0.0522350832544376 b'i'
57682.00725333 20.978321454975333 0.06737062665512639 b'i'
57686.01134712 21.101479317409684 0.052847161060704195 b'i'
57694.0158454 21.09583017051267 0.03895171924257922 b'i'
57701.03044878 21.13243754567854 0.04465258090250401 b'i'
57708.0540731 21.04382491895272 0.04727923618772678 b'i'
57711.06513699 21.210431298037463 0.09271127808950297 b'i'
57714.04015561 21.044150519572405 0.03537402884720861 b'i'
57719.033476 20.957799569360866 0.04027468477080376 b'i'
57723.1205782 21.140143451281308 0.05417212455902387 b'i'
57730.04359111 21.137747461217366 0.039427044657077914 b'i'
57740.04799183 21.080280194720032 0.02679804626077953 b'i'
57747.047582 21.142633303446644 0.03497571344838235 b'i'
57751.06224481 20.981863400908697 0.04925096353358427 b'i'
57753.07792592 21.011248705788972 0.060593634101273615 b'i'
57759.06780275 21.138690254241034 0.04585510248791991 b'i'
57772.04401061 21.05742053205183 0.04300716778737268 b'i'
57780.04145086 21.182997275389265 0.056159572146416536 b'i'
57985.21829004 21.090381608250805 0.02918499708802713 b'i'
57990.23510231 21.10438447610943 0.03197897174423403 b'i'
57994.30739661 21.012573458959327 0.04842085243183192 b'i'
57998.11543616 20.933621494480725 0.0472475018327323 b'i'
58007.08972383 20.917526135340452 0.04560458022216807 b'i'
58014.06852554 21.033563462610942 0.037830917638878254 b'i'
58021.05145714 20.866812902751995 0.07431600992237009 b'i'
58025.04254169 20.92959713120424 0.07006361781904502 b'i'
58036.00994901 20.94090669439901 0.043454954458258754 b'i'
58040.00363749 20.90789210003224 0.053236555881898795 b'i'
58045.00675355 21.001176956398325 0.0439284059329168 b'i'
58052.00964612 21.007753852024813 0.03591077883856286 b'i'
58057.01756184 20.932856557568222 0.04124590614847534 b'i'
58064.01826086 20.972806088699556 0.04172065690551463 b'i'
58071.03081839 20.892147971403553 0.03458697895142038 b'i'
58072.20034732 20.965982544030567 0.046931813704013337 b'i'
58076.04907931 21.000546366678027 0.0380314441601648 b'i'
58081.04854033 20.940020939328456 0.03846524982595412 b'i'
58083.12764936 20.97063530114811 0.048317385141146474 b'i'
58085.10062027 20.913768536281957 0.05159400029987182 b'i'
58086.05152295 21.103649346457505 0.052373580136634956 b'i'
58093.12118984 21.033260586451156 0.04298653483398596 b'i'
58099.10480703 20.917966458422555 0.035531594623559926 b'i'
58107.09100727 20.968517957828908 0.02813907752311806 b'i'
58117.0478528 20.94232652170792 0.03988518815314279 b'i'
58125.04978313 20.898951299905463 0.03331717247857213 b'i'
58133.05169135 20.8434529242189 0.04158584045501357 b'i'
58372.26033097 20.97378874243732 0.04007890563541494 b'i'
58401.04504976 21.08405718414543 0.04639200341626193 b'i'
58431.10612906 21.05867736774037 0.04021471304605839 b'i'
58448.09758092 21.05334627560458 0.041098387605206455 b'i'
58450.17734851 21.10166664921231 0.041745335244591786 b'i'
