MJD_OBS MAG MAG_ERR BAND
56543.30992213 21.98034247949191 0.04256024813825121 b'g'
56547.26765106 22.091201914556436 0.04689386184652378 b'g'
56559.19049088 22.17244430450879 0.10507025020041638 b'g'
56563.20016983 22.08323444578393 0.06365049390420552 b'g'
56567.21913497 21.938266635427446 0.04540702419027198 b'g'
56575.19140632 22.022417262225122 0.043509959884154625 b'g'
56594.13254719 22.08051309077617 0.06819910124599815 b'g'
56602.11855272 21.947509364370315 0.04434292963412645 b'g'
56628.07588396 21.961772683817635 0.048451873390916944 b'g'
56635.12748407 21.990421402221468 0.07784421746022119 b'g'
56649.16554831 21.979185146116084 0.09357144640429382 b'g'
56682.08138688 21.928932050613522 0.04646023733556959 b'g'
56686.12069085 21.972810102977412 0.05022327560493878 b'g'
56693.03433688 21.96878948182558 0.07702929535938097 b'g'
56887.390169 21.9928339997995 0.0755237758607521 b'g'
56891.39202502 22.123138882423014 0.05246019595047713 b'g'
56904.29548327 22.08522646177631 0.05820791979943608 b'g'
56912.34363626 21.910990598342295 0.1419089785794192 b'g'
56920.30480615 22.132029552427287 0.05923082144499502 b'g'
56927.23497351 22.11300048277532 0.05235131023565387 b'g'
56949.32326633 21.96881271950804 0.04731071250646579 b'g'
56956.33781113 21.975166687939133 0.09008529588728464 b'g'
56980.31666556 21.960258878472494 0.052960986508367114 b'g'
56988.0294158 22.08360348146224 0.07329354079993422 b'g'
57008.11082158 21.91932101171536 0.045697923253342765 b'g'
57012.08181561 22.02286596303918 0.04519967434030292 b'g'
57018.07086001 22.097469799654878 0.090088866511838 b'g'
57019.07010231 22.105375532671943 0.07044346094186338 b'g'
57033.16143341 21.857828399342424 0.09192297980941788 b'g'
57040.17464001 21.926963521915127 0.050972715614271635 b'g'
57047.08634478 22.033065203497642 0.05626098096638543 b'g'
57054.033829 21.914721177025935 0.1499197676715447 b'g'
57061.14232961 22.114212576400554 0.13232384446118317 b'g'
57249.42258246 22.03432622974175 0.06366662880598284 b'g'
57265.36323972 22.138950795623014 0.15328865070086195 b'g'
57276.34003332 22.087138728436702 0.056134712018920396 b'g'
57278.2333936 22.0440896837136 0.05748003679558167 b'g'
57298.34549055 21.89841226786442 0.196513229820507 b'g'
57302.31550332 21.90377522953613 0.07198091145557939 b'g'
57303.15178018 21.89077745942915 0.14450460827456268 b'g'
57304.17748887 21.887488034478654 0.056069365327413585 b'g'
57311.35511167 21.902938667522932 0.057835952426387394 b'g'
57315.22918149 21.847478813242095 0.05727643238772728 b'g'
57329.211115 21.87117595494406 0.04934330682320365 b'g'
57332.07440102 21.896523752550582 0.05284690909314804 b'g'
57339.29511089 21.852218479856067 0.047569868309523144 b'g'
57345.31205107 21.764202536629533 0.05678377300313642 b'g'
57365.1824405 21.85455004347306 0.042347375164961676 b'g'
57372.244263525 21.88997780670848 0.05334459532004779 b'g'
57389.14922658 21.803825447395347 0.0508104953014481 b'g'
57394.15763353 21.844406427910876 0.05184316728681182 b'g'
57401.13588903 21.829836409209523 0.04101623609269823 b'g'
57425.14638126 21.788281853675937 0.0713381837935998 b'g'
57627.37846374 22.15324902544455 0.11306142784607687 b'g'
57637.32548986 21.908226807202382 0.055290314785967354 b'g'
57660.26631331 21.930532479399474 0.047897306820502195 b'g'
57667.16609206 21.986960073840855 0.05776858172179544 b'g'
57686.1617156 22.009717875414267 0.05399301462961503 b'g'
57687.1654518 22.042694238414096 0.07453354872970408 b'g'
57688.09788996 22.132754773425567 0.06045660258462249 b'g'
57695.07827795 21.94809060360459 0.08751885971021878 b'g'
57696.07504499 21.956664232061627 0.05971435895064303 b'g'
57710.03636881 22.02882439420845 0.05810684332131544 b'g'
57715.12542085 21.99373702933711 0.07910137545304963 b'g'
57721.05155515 21.896473802759978 0.07504838624941357 b'g'
57722.03592759 21.941716312404292 0.06657627405174082 b'g'
57729.25889917 22.040172936317273 0.06597252025698452 b'g'
57739.14481422 21.90153071363638 0.12576055183816948 b'g'
57746.1665694 22.07689421576409 0.04554462320117736 b'g'
57751.04292672 22.118167700253572 0.08982050582099532 b'g'
57756.12682377 21.94568768469444 0.06070448473873569 b'g'
57775.15647358 22.07524831576639 0.08304485512585558 b'g'
57779.14283628 21.963302109437116 0.0744210823408693 b'g'
57784.09899805 22.041809727867385 0.06756239515846474 b'g'
57800.07624065 21.948683958276128 0.05789346994561839 b'g'
57989.36410602 22.06385176101156 0.07825065130531073 b'g'
58019.2077503 22.044386360774034 0.05859273272331933 b'g'
58040.36225047 22.096774050497878 0.07023305025787963 b'g'
58046.14806425 22.043334265509934 0.053655356390429176 b'g'
58108.04774736 21.98862615293041 0.05983235618353433 b'g'
58117.15921877 22.13972418469068 0.14097607045259153 b'g'
58124.18613794 22.288370500750656 0.10749764158963515 b'g'
58128.17219819 22.059526014961598 0.08532547823605086 b'g'
58132.11316472 22.09629495653993 0.060379689374190804 b'g'
58139.04030028 22.09671133487234 0.09929984246491586 b'g'
58164.02999595 22.186687772164714 0.07167894349231929 b'g'
58409.25200079 22.086015555466933 0.07315600614372997 b'g'
58454.21419914 22.12724092939309 0.047075419470923974 b'g'
58457.20895035 22.109181647011138 0.19635407904387847 b'g'
56538.36744442 21.52062260973547 0.05104131742942286 b'r'
56543.312265 21.4238947269834 0.05169596691546019 b'r'
56547.2700096 21.522608181563086 0.048924247410809585 b'r'
56563.20254059 21.518799326816932 0.04239774102891757 b'r'
56567.2215084 21.440546303993457 0.03625388942559127 b'r'
56594.13490888 21.427539580392672 0.05007228481127157 b'r'
56602.12090182 21.382810429231373 0.039005042833270664 b'r'
56607.05784487 21.518889972869605 0.07889535817668403 b'r'
56625.18488646 21.322664578850066 0.04025052337905777 b'r'
56628.07824338 21.359483821298696 0.03950246683925584 b'r'
56635.1298442 21.383614640884495 0.043407126924819295 b'r'
56649.16793455 21.318864540838508 0.05314261414541477 b'r'
56653.08814947 21.422621343532963 0.06813226717847343 b'r'
56660.09100244 21.42512550497097 0.033516846746550755 b'r'
56662.15658785 21.329041341669235 0.0438361120443318 b'r'
56675.1021204 21.58714096325332 0.08637260302371885 b'r'
56681.08598893 21.3332453789607 0.054221847491465525 b'r'
56682.08375046 21.327893351011344 0.03586060538505009 b'r'
56686.12304446 21.344343225037026 0.045105062248747885 b'r'
56693.03669553 21.36874207188835 0.057907558816250315 b'r'
56887.39254001 21.491747579645306 0.05603493612395383 b'r'
56891.39439152 21.34276005519289 0.049299923547163615 b'r'
56904.29784908 21.42983525988412 0.05151280242880674 b'r'
56920.30714691 21.4282290924735 0.04136901568080731 b'r'
56927.23733856 21.577827833752984 0.05126223041632372 b'r'
56943.23215048 21.36741541160186 0.058345056766764714 b'r'
56949.32561251 21.329824555898917 0.050520812616198896 b'r'
56960.27348009 21.403771067779445 0.04937357870281289 b'r'
56973.31723038 21.48043051736263 0.0797222193100744 b'r'
56980.31902906 21.445975656967427 0.048940121548159965 b'r'
56988.03176448 21.431282742394334 0.05826471328569127 b'r'
56992.13852869 21.329527754693462 0.05673810781651767 b'r'
57008.11317965 21.40479137752157 0.03889039530232097 b'r'
57012.08416427 21.317876390996094 0.033887659853814256 b'r'
57019.07247011 21.423424415626762 0.04783501827532888 b'r'
57026.16867505 21.429654330961412 0.09518216374140209 b'r'
57033.16379708 21.308837594360508 0.06027052886365425 b'r'
57040.17699988 21.373361431792897 0.03990304878323769 b'r'
57047.08871149 21.41331257358633 0.043849398823489594 b'r'
57054.03618136 21.329415223692536 0.06945352972220675 b'r'
57066.03194813 21.48061159168817 0.07163834500466493 b'r'
57255.41282948 21.382606529965276 0.07007821533581904 b'r'
57276.34238737 21.444189126395862 0.0475925005085962 b'r'
57278.23576047 21.461361086928704 0.045932486955464924 b'r'
57286.2545913 21.401005224437455 0.0635560868988918 b'r'
57302.31786091 21.263146306811343 0.06765608833693193 b'r'
57304.17985681 21.339490428701843 0.056488755578971706 b'r'
57311.35745587 21.324880107215975 0.04660332672571599 b'r'
57315.2315549 21.333454877342184 0.05024165981987494 b'r'
57325.12241882 21.55907548179771 0.08327723510778284 b'r'
57329.21346738 21.304403261300443 0.045586926806954864 b'r'
57332.07675463 21.263699461973268 0.04381614316242377 b'r'
57339.29747271 21.269618615838947 0.043048831608267335 b'r'
57345.31443293 21.25485992362092 0.04968126493512415 b'r'
57355.24003766 21.24809571859635 0.08183035954967721 b'r'
57365.18478996 21.35134552100054 0.03301770249954927 b'r'
57372.23908665 21.22605378768674 0.10973805341615872 b'r'
57375.04786822 21.384382091199296 0.08209181720197378 b'r'
57385.15077663 21.339678800003863 0.06234264750255392 b'r'
57394.16000502 21.353366692409026 0.04509626391136479 b'r'
57397.11761491 21.351244988818678 0.06061740280638617 b'r'
57401.13824855 21.264711972041795 0.03688878625920111 b'r'
57425.14873791 21.49475877520611 0.07214103635843827 b'r'
57623.41484359 21.66226943454875 0.09415477184123588 b'r'
57627.38083444 21.511453843250674 0.10364422888984137 b'r'
57633.3326208 21.364013749138223 0.040210901128588716 b'r'
57637.41274952 21.493352363051233 0.1770836348247471 b'r'
57643.31085935 21.378097221143364 0.05832558993730075 b'r'
57645.24835706 21.492536534598514 0.12406474956686964 b'r'
57653.34834973 21.40230374155587 0.05871944571705612 b'r'
57660.268683 21.403606052993876 0.04110973402280038 b'r'
57667.16844646 21.370298518994836 0.04637144874097743 b'r'
57681.16544466 21.5873788634284 0.07645544682312533 b'r'
57686.16407258 21.55349615313382 0.06682806953869047 b'r'
57687.16779787 21.369891387974924 0.05763628500294615 b'r'
57703.0595238 21.70068948575753 0.11865955965451036 b'r'
57710.03873942 21.44660610401637 0.04909751672110474 b'r'
57715.12777486 21.473678177093543 0.05512792288105217 b'r'
57721.05391336 21.376636921619095 0.05904015100700377 b'r'
57722.03828316 21.386052345796337 0.05440850508310646 b'r'
57724.20974884 21.53832806605312 0.06334475204389989 b'r'
57729.05309088 21.49760862652724 0.05178901232054045 b'r'
57739.14718274 21.72357874454333 0.09655888667708723 b'r'
57746.16891883 21.384018361834965 0.04054582081780822 b'r'
57751.04530831 21.540722965745797 0.04973597155956 b'r'
57756.12919194 21.506991111028746 0.040252325090243346 b'r'
57770.13694508 21.47395842708442 0.07977520925466308 b'r'
57773.20316482 21.479816992965787 0.18385164967609313 b'r'
57775.15881585 21.566356434099227 0.050365326719429504 b'r'
57779.14519136 21.437203061579716 0.0543546305971816 b'r'
57784.10136093 21.372432894571634 0.054193161978911775 b'r'
57800.0786031 21.41740077122796 0.044074823652291435 b'r'
57989.36646268 21.571348041014232 0.09596821171915693 b'r'
57994.27719483 21.508337821071486 0.0664442982154334 b'r'
57995.3458315 21.74009686822589 0.1480577639548315 b'r'
57999.35749192 21.736231884032286 0.08179598148753442 b'r'
58008.33398847 21.66177895223532 0.08444951185645166 b'r'
58019.21011416 21.52454345431002 0.04685397791980961 b'r'
58036.36315631 21.72235530676539 0.10611535826622642 b'r'
58040.35567108 21.559172788114505 0.06955614267516097 b'r'
58046.1504428 21.448116246658643 0.041535096341227984 b'r'
58053.1199905 21.54806760456136 0.05600706324102589 b'r'
58057.314672 21.527717163843263 0.05323672789639744 b'r'
58071.3074052 21.52476303782664 0.043395202078244204 b'r'
58084.3020954 21.496082539559744 0.05453664968093719 b'r'
58092.17781184 21.468040297415666 0.08930145605781092 b'r'
58099.08763403 21.438955262284328 0.040673866899872735 b'r'
58108.05010633 21.454171115796726 0.041480680674901294 b'r'
58124.18847972 21.69928023832444 0.07364691078296204 b'r'
58132.11552748 21.463023429929233 0.04152638907003592 b'r'
58139.04267308 21.548787266333168 0.04988053576562379 b'r'
58143.08478332 21.66333456860983 0.08489168920471002 b'r'
58164.03236602 21.451768522356808 0.04650079183153011 b'r'
58372.30513215 21.45104582634889 0.0407989677637417 b'r'
58409.25371751 21.485432255228517 0.059306927520502484 b'r'
58451.28010178 21.564718823716344 0.06460561412246335 b'r'
58454.15821457 21.55560192668094 0.047780524197456486 b'r'
58457.20943852 21.433763979818856 0.14737224802657778 b'r'
56543.31432044 20.898142187012287 0.04094819211691103 b'i'
56547.2721053 20.953927734301725 0.03732785118841164 b'i'
56552.27564044 20.95175333740971 0.05258073758267656 b'i'
56559.194929 21.018157492786315 0.0537258527375144 b'i'
56567.22358823 21.018050326640093 0.03722832916850649 b'i'
56602.12299932 20.974799204781952 0.04018471414300251 b'i'
56625.1869701 21.02395340751886 0.03640871478600616 b'i'
56628.08032678 20.94504916897123 0.03727512952333001 b'i'
56635.13190835 21.001849505339983 0.05175886870760138 b'i'
56649.17002509 20.944243200694 0.047425626151870404 b'i'
56653.09022481 20.893686386815297 0.0726832239378048 b'i'
56660.09306407 20.913479817539482 0.03534123942000633 b'i'
56662.15797507 20.88042214941682 0.049819511172007225 b'i'
56667.12046957 21.003186540662703 0.05244202957165811 b'i'
56675.10420704 21.068386814027814 0.07194900140520488 b'i'
56678.12294873 20.930333902836182 0.058008899006036785 b'i'
56682.08582564 20.874817036715825 0.03876253158824383 b'i'
56686.12511973 20.911677564864345 0.042109247640482295 b'i'
56693.03877619 20.964455617865102 0.04377215845190818 b'i'
56887.39460679 21.10121644386779 0.04203057550138567 b'i'
56904.29990723 20.987949376592415 0.038313801568751416 b'i'
56912.34804767 21.05507087514518 0.05455207268294515 b'i'
56927.23941032 21.033462045454616 0.04329208977507193 b'i'
56949.3276633 21.006627478582743 0.039000023402557815 b'i'
56956.34222427 20.890503395632898 0.061625208307216184 b'i'
56966.35719868 20.89053255234315 0.09818328211494176 b'i'
56973.31930442 20.995022780243794 0.048467907047104575 b'i'
56980.32108083 21.005451942695696 0.03910288028551534 b'i'
56988.03382439 21.03106386045101 0.0554103702219102 b'i'
56992.14060086 20.965172248588715 0.04286669335026971 b'i'
57008.11524608 20.85639432765658 0.03742515986182582 b'i'
57012.0862193 21.030370555824977 0.03337768174493405 b'i'
57018.07527806 20.94779421687875 0.05368376074055803 b'i'
57019.07453806 21.026948568316012 0.04030216215722149 b'i'
57033.16585759 21.02418965747037 0.062147405768556034 b'i'
57040.17904937 20.92584513470456 0.042320172305288395 b'i'
57047.09078452 20.81655426949792 0.049768146702795946 b'i'
57054.03825163 20.96238840525069 0.05461951675099285 b'i'
57061.14672616 21.0532375223084 0.06862952275358936 b'i'
57066.03401482 21.030276178103602 0.050093820911357057 b'i'
57255.41487894 21.109935259559034 0.053784146345840604 b'i'
57265.36764078 21.101657454553578 0.05895853554379116 b'i'
57276.34444643 20.954814058854662 0.04315798541774284 b'i'
57278.23782446 20.912103232956696 0.0390830304750871 b'i'
57303.15619181 20.893757528772014 0.10298375570175722 b'i'
57304.18193284 20.984632582949892 0.06350744730546509 b'i'
57311.35953462 21.018344425861734 0.039201817605693634 b'i'
57315.23360859 20.962642775259575 0.04235027958032589 b'i'
57319.15063194 20.92672783187359 0.09180379186574683 b'i'
57325.12448198 21.09004965327784 0.06317357933635748 b'i'
57329.21553395 21.050946020788317 0.04928499750540993 b'i'
57332.07883108 21.00604100268992 0.0487022917864266 b'i'
57339.299554 21.020633830263215 0.05298402433960092 b'i'
57345.31649792 20.922383018856593 0.0425339356462473 b'i'
57355.24210495 20.987538521794736 0.05632521054044659 b'i'
57372.24579775 21.02194064009095 0.05375179341827709 b'i'
57375.04994702 20.923718853592504 0.04637624743473623 b'i'
57394.16206537 20.971697576327937 0.04904797082074097 b'i'
57401.14030687 20.8233454504948 0.0353168303160345 b'i'
57408.06925269 21.023752070564253 0.061019988750427245 b'i'
57425.15080587 20.97239537402955 0.054432185437907066 b'i'
57623.41689791 20.928499869317154 0.04853685986617151 b'i'
57627.38291794 20.91223358882363 0.09304154913168716 b'i'
57643.31290958 20.90085563502314 0.05295647096640366 b'i'
57645.25042023 20.97201263312017 0.06867630003203118 b'i'
57660.27075458 20.9861724165696 0.034918297909040774 b'i'
57667.17051226 20.923255672517662 0.04836935880209481 b'i'
57687.16986 20.95489312348794 0.07331738844810332 b'i'
57696.07947429 20.938790413379774 0.05087816954612734 b'i'
57699.36557692 21.212277977745263 0.23123139550778404 b'i'
57710.04079936 20.914254508689112 0.06062331726959158 b'i'
57714.29433178 20.93958028498765 0.05980631648692736 b'i'
57721.05599597 20.97636489959355 0.06828728617657731 b'i'
57722.04034336 21.039945865162224 0.06986710736563495 b'i'
57729.156348364995 21.03685276058221 0.04045172708434101 b'i'
57756.13126504 21.009740439319692 0.040306020013417765 b'i'
57761.07239607 20.95765437095718 0.08446231481649846 b'i'
57771.19968032 21.102674140876104 0.20676704881761765 b'i'
57775.18244689 21.040627305878623 0.0426975089155242 b'i'
57779.14726469 20.997290979044376 0.04100365398836914 b'i'
57784.10342478 21.00680534748236 0.05699936107313519 b'i'
57800.08065918 21.010006105262075 0.04117927448525904 b'i'
57989.36853644 21.211537909709726 0.09472553981017384 b'i'
57994.27927646 20.954106823998796 0.06244518437002711 b'i'
57999.35954916 20.998924514281207 0.053997791153964414 b'i'
58019.21219733 21.024447811073873 0.0478431163766011 b'i'
58029.34694108 20.912962182353525 0.0572975540878744 b'i'
58040.3543066 21.039484969488544 0.07348375621213066 b'i'
58071.3094743 20.97829978490909 0.041685594813088755 b'i'
58079.13708144 20.915190952733614 0.04795647853350715 b'i'
58084.3041558 20.890039234061714 0.056382790056130005 b'i'
58092.17988555 20.907105863675945 0.06229251766458432 b'i'
58108.05215904 20.988357109376572 0.03637664942388241 b'i'
58117.16364888 21.127482030842224 0.08144815855238008 b'i'
58124.19054309 21.012291632889752 0.041391746354637604 b'i'
58139.04474048 20.98829398014466 0.0455318694993494 b'i'
58143.08684402 21.08647656008234 0.05577477232213823 b'i'
58164.03442584 20.982220579276643 0.04017228763054703 b'i'
58409.25544741 21.03098404549197 0.047544732034623394 b'i'
58457.20993978 21.140025706476404 0.14829663285446415 b'i'
