MJD_OBS MAG MAG_ERR BAND
56538.38238151 22.648635542997035 0.10079393638082479 b'g'
56543.32420838 22.709653552308787 0.11409935024404305 b'g'
56547.21245456 22.700184288599253 0.10196537916922921 b'g'
56563.25934422 22.939645295466107 0.11175568681916204 b'g'
56569.26148751 22.914434079284735 0.11813411881792746 b'g'
56575.13618194 22.780450094178196 0.10284557006713868 b'g'
56592.17793959 22.998556763540034 0.20423305063798125 b'g'
56602.06323106 22.816540337017308 0.11949192222455096 b'g'
56615.02282821 22.98349128732282 0.23145158171741545 b'g'
56618.03042031 22.971521515103408 0.10786579024754062 b'g'
56653.07161586 22.814967526372147 0.11034750114504277 b'g'
56676.04381974 22.67639356528074 0.15821849558665946 b'g'
56683.05304588 22.864966055146404 0.1273366516220058 b'g'
56691.05928483 22.9341147144626 0.1264469108405315 b'g'
56924.223959105 22.562490182721277 0.07610721338680196 b'g'
56936.34735916 22.55326775144954 0.19043529891013833 b'g'
56943.11711376 22.571475642443605 0.09105246055838379 b'g'
56949.09876305 22.685217715779917 0.15201840937197275 b'g'
56956.08025971 22.685524295282242 0.10658450417825094 b'g'
56960.19806939 22.69539881056708 0.10669799351717657 b'g'
56973.03529539 22.789324220938212 0.12974701166085367 b'g'
56987.05707066 22.60734358870576 0.09923157385820858 b'g'
57014.0420896 22.601385249576225 0.14514996380771095 b'g'
57018.08518319 22.57330943816916 0.13967565917452163 b'g'
57025.08600473 22.698712383782627 0.24343950205086884 b'g'
57030.10517182 22.727645881664944 0.2284416364810937 b'g'
57037.08832956 22.615978901880307 0.09398188713365485 b'g'
57248.41875587 22.582890573503214 0.1462287936231128 b'g'
57278.20310269 22.72682787799898 0.11786294457352753 b'g'
57286.21049913 22.711451099743037 0.11120731861308286 b'g'
57305.27887136 22.630788634621414 0.12038892993893313 b'g'
57315.17836014 22.821356407508414 0.17306046007011133 b'g'
57325.06845515 22.69223987863262 0.19755807057376984 b'g'
57339.03305978 22.843662693334558 0.1537563049860431 b'g'
57344.21322979 22.72201483802242 0.12675022679118442 b'g'
57365.05149415 22.758342103161162 0.14206445984057225 b'g'
57372.04609944 22.769174667061815 0.1360279017559769 b'g'
57402.04846896 22.757748791653402 0.14886775327172685 b'g'
57615.41002091 22.93459550882724 0.10590520722462315 b'g'
57629.24187641 22.768223832523713 0.11905070903567605 b'g'
57633.34437953 22.901617842280515 0.09907443161855412 b'g'
57653.16928072 23.013887747480975 0.12917048127076214 b'g'
57657.22311479 23.05074171355335 0.16466846394513723 b'g'
57662.32108764 22.920058747653336 0.10340793699784356 b'g'
57664.24671522 22.77608843904906 0.12994706253680732 b'g'
57687.07748506 22.892417122535928 0.16501341071669984 b'g'
57694.05871022 22.763835320555316 0.11183957518915832 b'g'
57709.02125654 22.91918246581836 0.12938781735660498 b'g'
57714.16999674 22.916877761180327 0.122572765959994 b'g'
57722.04992655 23.074775850875064 0.12878226288597006 b'g'
57739.10125682 22.82962229504806 0.1662153723251123 b'g'
57744.04876581 22.847267663376112 0.12134344871929059 b'g'
57773.06083203 22.882441977349572 0.12529157293523951 b'g'
57781.0515702 22.756414644034123 0.15062661422700074 b'g'
57990.38766886 22.927875015965366 0.1094731685005712 b'g'
58015.17763849 22.767368135596406 0.12725548772675666 b'g'
58019.16681426 22.745630535889077 0.14178066710516646 b'g'
58036.12238217 22.731512166622302 0.1455661628272864 b'g'
58040.12335078 22.6685042694054 0.10106295949061411 b'g'
58064.05070497 22.982926985089026 0.13823607671998062 b'g'
58071.05448383 22.74726673570858 0.12055484333021127 b'g'
58075.1371749 22.755953123249192 0.12133605270231129 b'g'
58076.12214652 22.902860567793223 0.14961784254955646 b'g'
58080.11868704 22.75529624738608 0.14807293705624147 b'g'
58082.06172206 22.640527444518987 0.1460434022739996 b'g'
58092.03420983 22.765063803168434 0.17350460340998808 b'g'
58097.04946193 22.871885609316926 0.09808356192958456 b'g'
58101.04357593 22.62683094795099 0.11360000748232224 b'g'
58109.04267793 22.897815045512033 0.14550128829349163 b'g'
58113.04948337 22.803094226479537 0.17443698736453683 b'g'
58129.04279227 22.872684828526477 0.17097843699334092 b'g'
58372.27093379 22.452072364286913 0.10965359992276903 b'g'
58431.15078333 22.734542546804096 0.08962990497181522 b'g'
58451.15486672 22.722426894016174 0.08939626771549314 b'g'
56543.32657339 22.395648604527985 0.10634804391203545 b'r'
56547.21482617 22.57012560693885 0.1227511123923506 b'r'
56551.29551743 22.37644604597679 0.19184206907480572 b'r'
56563.26171155 22.452969559905824 0.11761538141907835 b'r'
56569.2652815 22.425427184573824 0.10173139251912033 b'r'
56575.138534 22.62351683937017 0.09552309313061969 b'r'
56579.12775769 22.520983430296813 0.1771158472706027 b'r'
56591.07910817 22.613063672678695 0.09825491680385312 b'r'
56602.06559072 22.5412852773312 0.07342541045192874 b'r'
56618.03277951 22.600815072161655 0.10246789581372795 b'r'
56635.0565817 22.4732177179767 0.16821780370862882 b'r'
56648.14776351 22.43775053399621 0.15607595695132304 b'r'
56660.118724 22.44030379351196 0.12951678308031234 b'r'
56676.04617329 22.41705272279844 0.09783971182912765 b'r'
56683.05540615 22.314241147954778 0.12030623774820626 b'r'
56890.26067555 22.564662927226586 0.12849990146616364 b'r'
56903.22543507 22.558060652323697 0.11708282603808229 b'r'
56915.19255045 22.550276246897944 0.1350645097234704 b'r'
56924.16862461 22.29556659557633 0.09399310545225248 b'r'
56931.14960205 22.242480490856444 0.12906239703744404 b'r'
56932.34888931 22.22767620576581 0.1513228235727233 b'r'
56943.11947787 22.40866031804903 0.11777421890424122 b'r'
56956.08259923 22.3914235722116 0.08190727278437038 b'r'
56960.20040835 22.37723170872216 0.09094123077951011 b'r'
56973.03765942 22.30649176658125 0.10802166722586648 b'r'
56980.05442503 22.390436002133118 0.08217753064635858 b'r'
56987.05941459 22.33339714187426 0.08333792655581007 b'r'
56989.217109 22.491383000900637 0.19701862351837462 b'r'
57001.03925288 22.208488676325267 0.08718727962704165 b'r'
57004.15544787 22.502800238018565 0.14594330001551725 b'r'
57012.0425072 22.21173171508682 0.16888992510485323 b'r'
57014.04443045 22.392363105565693 0.11761930715164226 b'r'
57025.08835225 22.4502988310855 0.2483148244504463 b'r'
57044.061157 22.251341529581335 0.11954470352148405 b'r'
57051.05294567 22.539281319733973 0.18650184041160855 b'r'
57257.25623763 22.312734234585847 0.12487834896333538 b'r'
57278.20546007 22.386884781631363 0.10986658524463523 b'r'
57301.28240361 22.41985555377023 0.21978480475003437 b'r'
57305.28122579 22.609833288172474 0.11289760187228026 b'r'
57311.10883288 22.50595131505245 0.14090636719178917 b'r'
57315.18069857 22.296347834507568 0.1095336492997454 b'r'
57325.0708239 22.495540617243787 0.18241258466039056 b'r'
57339.03541913 22.45086127334509 0.14802534654875998 b'r'
57344.21558891 22.482270069820437 0.1005625931626426 b'r'
57355.15879165 22.3879978659012 0.15152031310023162 b'r'
57372.04844684 22.279628224261288 0.09893203896028879 b'r'
57395.0959186 22.541956377034392 0.09058797666066098 b'r'
57402.05081232 22.471185893908995 0.1225855905485247 b'r'
57427.05223686 22.6421041306292 0.1559790540243462 b'r'
57625.38622729 22.714918147786243 0.11357520864742199 b'r'
57629.24422402 22.52586057673437 0.128572449608523 b'r'
57633.34673183 22.426755938456097 0.1361390531328439 b'r'
57662.32344632 22.796648772994867 0.09993582875846485 b'r'
57664.24533431 22.62116026944259 0.12105803561074778 b'r'
57687.07983577 22.75576102674498 0.19522503550292925 b'r'
57688.18121396 22.632338044926303 0.13491286593809804 b'r'
57709.02359566 22.7193388180478 0.14650918615321018 b'r'
57714.17235638 22.663632443174613 0.12277016715115607 b'r'
57718.05877251 22.588904257424833 0.1057999200251416 b'r'
57722.05228349 22.57670709065736 0.10767069940839491 b'r'
57728.03426844 22.613442622259377 0.16417855618010435 b'r'
57739.10361009 22.591962603250995 0.13516376368542993 b'r'
57744.05113402 22.684615629436873 0.10868943658521246 b'r'
57750.0435877 22.64391832122676 0.14781468795980146 b'r'
57756.05335908 22.672457213308036 0.1501466601176631 b'r'
57763.06707761 22.773658810993677 0.19730827996821887 b'r'
57781.05393026 22.646441599931112 0.1470987161647912 b'r'
57990.39002567 22.586569719573568 0.11887943443528927 b'r'
57994.33377077 22.529426738091143 0.11980380275604574 b'r'
57996.25287354 22.706717202877016 0.23807567791703832 b'r'
58008.38558474 22.489314945325724 0.18994388317405608 b'r'
58015.17999098 22.571728176374513 0.09679308026696276 b'r'
58019.16920602 22.63210440085575 0.14157975102015996 b'r'
58036.12475745 22.671952557671425 0.1528686022771133 b'r'
58040.13682553 22.466482046893507 0.11649065761518429 b'r'
58057.06870908 22.766187490350653 0.245953698134862 b'r'
58064.05305982 22.79858703896971 0.10482883570002599 b'r'
58072.1894978 22.595826380512197 0.13358812504555218 b'r'
58076.12450497 22.49575516419322 0.11635137370004855 b'r'
58080.11596677 22.463983210105418 0.1031221567120788 b'r'
58082.06407594 22.457891248443577 0.12540454620136288 b'r'
58092.03656647 22.415176110193606 0.1256587919386618 b'r'
58097.05181195 22.75708582936192 0.13256130606448835 b'r'
58101.04592664 22.557024758793577 0.11393127079468712 b'r'
58109.04503088 22.408682097040224 0.10730777410156378 b'r'
58113.05185511 22.591464403517197 0.15618720878835646 b'r'
58372.27266776 22.475116657058184 0.11034814084500155 b'r'
58401.22008433 22.653940305855684 0.10948392333607515 b'r'
58431.15251418 22.512872897160275 0.11796432277146707 b'r'
58451.15660135 22.651061091887655 0.08712674613997962 b'r'
58453.06457865 22.403535406987846 0.08365668671813964 b'r'
56538.3868033 22.391103661139592 0.1287659118977409 b'i'
56543.32863641 22.164529678623936 0.08946110160318455 b'i'
56547.21689281 22.162457849204877 0.10526621604464736 b'i'
56551.29759438 22.384298084049526 0.15630393004112975 b'i'
56563.26377824 22.23632540353821 0.08267884645407975 b'i'
56567.16178379 22.375487107558587 0.11659713903720002 b'i'
56575.14061235 22.28469812708207 0.09161641086116745 b'i'
56578.24145407 22.316920229759482 0.12244490185319279 b'i'
56579.12982777 22.08003023028577 0.12777862995443812 b'i'
56591.08118458 22.06182887230531 0.11461138243415547 b'i'
56595.08680191 22.146479227932033 0.23752653366918608 b'i'
56602.06768766 22.17275824065625 0.07556639533634524 b'i'
56618.03486799 22.09559106168581 0.11758866342129437 b'i'
56627.05492653 22.206223877996848 0.08614470870555735 b'i'
56635.05865642 22.193639768401177 0.11353238720420933 b'i'
56642.11854226 22.073739007390657 0.18755224380888436 b'i'
56660.12079918 22.17961460210065 0.12749975604110375 b'i'
56667.13462023 22.16231102435888 0.18428647575525758 b'i'
56676.04823994 22.114723724420358 0.07680401626722855 b'i'
56683.05748457 22.056966695743462 0.12630740957265374 b'i'
56691.06373326 22.204556459832872 0.12817689263694376 b'i'
56698.03550971 22.2649666295532 0.18717526790126726 b'i'
56890.26273497 22.209707053421603 0.09065414634456559 b'i'
56915.1945981 22.144779545590506 0.1304325560993007 b'i'
56923.29259886 22.285817907975318 0.13954434671498106 b'i'
56924.1706871 22.077090469637067 0.07493284991884509 b'i'
56931.15167401 22.142851296176097 0.12909186552197482 b'i'
56936.35178587 22.058684876158157 0.12917328422086172 b'i'
56943.12154942 22.021614007916934 0.11216720047699624 b'i'
56949.10318721 22.088216899958 0.16326879351891677 b'i'
56956.08466921 22.059738419823553 0.09661711138808826 b'i'
56960.20247927 22.032843734795982 0.07490512554258544 b'i'
56973.03972122 22.015722969641853 0.08524614180284118 b'i'
56980.05648952 22.05035298021516 0.08932942454965342 b'i'
56990.06181489 21.930057865120162 0.14458705567642838 b'i'
57001.0413269 21.944355562379826 0.07575451570603065 b'i'
57005.03915546 22.28386961278136 0.1075068477775325 b'i'
57007.1608496 22.26047332285302 0.11456896159798191 b'i'
57014.04649035 22.1827550846774 0.09086856857874182 b'i'
57018.08960238 22.105051980080244 0.0836210718820709 b'i'
57025.09041031 22.173793712298842 0.16502290439224865 b'i'
57030.10955529 22.125225951849025 0.13389465219404428 b'i'
57037.09274362 22.134739570946913 0.10701728833671353 b'i'
57044.06321325 21.98388081383674 0.11774363496994766 b'i'
57248.42317342 22.155454747024216 0.15244302023290857 b'i'
57252.27156417 22.005542392811048 0.11999660730917938 b'i'
57276.37257856 22.245959076365246 0.1010770433621282 b'i'
57286.21498469 21.98470211782724 0.14118768693696637 b'i'
57305.28329326 22.04232332725817 0.10243985864813254 b'i'
57311.1109057 22.154325944650314 0.11908920047063987 b'i'
57329.06154986 21.98165316349815 0.11270771188199546 b'i'
57339.03749778 22.23914909186547 0.11750973438858026 b'i'
57372.05051633 22.28863905307412 0.10878548554624956 b'i'
57379.06288528 22.12951088101511 0.2056431136878416 b'i'
57388.04662965 22.12573294741525 0.0823378823766099 b'i'
57395.09798737 22.116947356384408 0.16213194717270696 b'i'
57402.05287249 22.272542167226074 0.0924275299284254 b'i'
57615.41444783 22.262195568914183 0.1230238752241668 b'i'
57625.38828673 22.27792936395833 0.10089007374603653 b'i'
57629.24629062 22.277596924947442 0.10411096826973676 b'i'
57637.23600595 22.289840192388745 0.11149552173260346 b'i'
57653.1736931 22.328599478116093 0.11126131894067015 b'i'
57657.2275367 22.46552366646239 0.13472362500405666 b'i'
57662.32551671 22.23768505454743 0.10584589259271482 b'i'
57669.10286804 22.247666791724725 0.11781100121103448 b'i'
57671.09812408 22.45049482352004 0.17972730614744137 b'i'
57687.08190806 22.358420115996186 0.18426066354769688 b'i'
57694.06314941 22.266196370509935 0.09458660132818508 b'i'
57701.05842737 22.42500174644172 0.15892653239757237 b'i'
57709.02566321 22.232876707218328 0.13883411330713358 b'i'
57714.17442962 22.15559202662478 0.11720244714338436 b'i'
57718.06084006 22.136499955119252 0.11591131414759914 b'i'
57728.03633772 22.094365190296124 0.0942882198059074 b'i'
57739.10568354 22.272084678804283 0.09250104853131802 b'i'
57744.0532061 22.254357213352865 0.1057866488910868 b'i'
57750.04566111 22.21874020917498 0.09998376286146993 b'i'
57756.05542245 22.219686755951077 0.13876508442428204 b'i'
57763.06915176 22.25953199940341 0.13753185731552975 b'i'
57773.06524733 22.345599303023956 0.10197114502922133 b'i'
57781.05599868 22.280297916733765 0.14963135816421413 b'i'
57986.29155799 22.12060751619276 0.12252936758765998 b'i'
57990.3920956 22.2428321618856 0.11938064098077561 b'i'
57996.2549418 22.402594062333645 0.15744069739091415 b'i'
57998.40835275 22.39172145665235 0.2269178803569574 b'i'
58008.38765432 22.074885091760926 0.1439108460651859 b'i'
58014.39276663 22.310318788911452 0.14696754818699276 b'i'
58015.18206142 22.262211774310302 0.14206747570304046 b'i'
58019.17127144 22.422249675957037 0.13639926516031053 b'i'
58036.12683105 22.44763045840975 0.11206231066925554 b'i'
58040.13889351 22.193439659821045 0.13365998138443302 b'i'
58044.3170611 22.21141244596857 0.10919483649028194 b'i'
58064.05512695 22.3946102027612 0.14194482389774876 b'i'
58071.05891284 22.33646871265306 0.11356640381389127 b'i'
58097.05388326 22.261427231515768 0.09361746936224336 b'i'
58101.04800556 22.165081954822448 0.12248586558309071 b'i'
58109.04709914 22.27328574178332 0.08817334479304151 b'i'
58113.05392077 22.19856657187578 0.10523312035129706 b'i'
58122.09133689 22.225976827507033 0.089762250933628 b'i'
58372.27439306 22.23246158240448 0.10435198956187719 b'i'
58401.22182486 22.1837518121149 0.13365733703766125 b'i'
58431.15423576 22.20561451484616 0.14133713761917832 b'i'
58438.21999529 22.013278827063495 0.1435280912507899 b'i'
58451.15831808 22.2201408515023 0.13196125926920033 b'i'
