MJD_OBS MAG MAG_ERR BAND
56543.24746116 23.348092751253844 0.11279513418811504 b'g'
56547.285179305 23.125905385289915 0.08079688619595296 b'g'
56563.28375167 23.178616462277887 0.14471528082551544 b'g'
56567.23789741 23.188840881810854 0.10504373401643363 b'g'
56575.20496178 23.189587554215503 0.07865217209602093 b'g'
56579.19717412 23.326333617025952 0.1849908818672965 b'g'
56602.13539987333 23.28435565522367 0.04786141017877992 b'g'
56617.045782526664 23.207792779180032 0.05946249757760382 b'g'
56625.22713026332 23.236456978435847 0.053194794527579074 b'g'
56629.05732461 23.243312309759933 0.1265915505147568 b'g'
56635.260928125004 23.104812213035547 0.08771516930127615 b'g'
56646.07233296 23.185435251148427 0.15377042710187894 b'g'
56660.132353455 23.25608007744887 0.05815177844616666 b'g'
56683.07254053 23.13351567922615 0.10567554114373934 b'g'
56687.14804348 22.95639477105052 0.10862185992361852 b'g'
56688.06668164 22.988367898996028 0.16457270954452952 b'g'
56888.285243455 23.528595069627375 0.12424046307715166 b'g'
56915.22583927 23.59348828364308 0.1436992360819108 b'g'
56920.198154285 23.332120356300184 0.10990047177964063 b'g'
56925.190903413335 23.44400179059548 0.0875021647269801 b'g'
56932.16405601 23.677245664729693 0.2308869213311375 b'g'
56943.34829362 23.426983954477194 0.25314636090238096 b'g'
56957.12928144 23.568805329238614 0.18911835217544848 b'g'
56973.14721718 23.584109789225973 0.08288602628036405 b'g'
56980.21007379666 23.668862900244875 0.06029518098201458 b'g'
56987.20760838 23.440777927627266 0.11358866135503833 b'g'
56990.2110034 23.55577579614796 0.1284122119015622 b'g'
57005.242061475 23.467782456861336 0.15795738639675275 b'g'
57012.19234527 23.526612315062316 0.1837407674426501 b'g'
57018.186549465 23.476782174096734 0.11754518876763849 b'g'
57034.16333357 23.422819175497484 0.11996407947570523 b'g'
57041.070959009994 23.48749187687514 0.05095520182101466 b'g'
57048.03794099666 23.458498697130132 0.14168692091403723 b'g'
57063.03540800667 23.55047703596757 0.07914898555047299 b'g'
57249.40531248334 23.513322658351875 0.0773959251017115 b'g'
57255.33569448666 23.456771853672127 0.12311261803204519 b'g'
57278.24836698 23.610862553141633 0.09750429894338213 b'g'
57287.25384671 23.39299834234902 0.17385636412092964 b'g'
57302.244624055005 23.61484975207931 0.1185570117974216 b'g'
57311.208655325 23.754150333095755 0.11408521907684285 b'g'
57317.16051544 23.697748486218206 0.21749095888834802 b'g'
57327.0889163 23.565103293545192 0.18720490415230984 b'g'
57331.19593351 23.511483139731762 0.14015860663948132 b'g'
57339.204346729995 23.60322017536341 0.12014167895500333 b'g'
57345.25992566 23.535300363256813 0.17155999190127247 b'g'
57356.1403628 23.614148086862564 0.17954419492985707 b'g'
57365.20125657 23.732306498392187 0.11076466360979254 b'g'
57372.130079085 23.539259758038543 0.09240875347913381 b'g'
57385.16195887 23.54600859923206 0.2408898416741856 b'g'
57394.17115486 23.502896332066406 0.18093451646693737 b'g'
57399.17918422 23.396098445514312 0.166661758269818 b'g'
57425.1155465 23.415489131342163 0.1855407832634448 b'g'
57629.38727717 23.84912333355272 0.1716080696402642 b'g'
57633.36113192 23.888313890516628 0.1998179099953461 b'g'
57653.32176649 23.788506936841202 0.13550153385465957 b'g'
57687.18713482 23.973467173485727 0.19549285187992282 b'g'
57716.22830829 23.693945563379284 0.17834054347910921 b'g'
57720.21736079 23.728394664890505 0.19932185871651242 b'g'
57725.051553193334 23.80002908352473 0.1068298671446499 b'g'
57750.15418829 23.929688247978724 0.20579248906033598 b'g'
57756.117512380006 23.656810061448684 0.1158168450119855 b'g'
57770.08133877666 23.8348886393399 0.08206900830736967 b'g'
57775.14757844 23.637236592901466 0.18116205749189618 b'g'
57784.05538514 23.827077132441215 0.19173130074103995 b'g'
57800.089593 23.65260352694754 0.19711797082620208 b'g'
57991.39027174 22.99978094227139 0.08843098098754609 b'g'
57996.38357412 22.907760191450304 0.2028309120585945 b'g'
58014.201707285 22.82766877970513 0.05804201361750308 b'g'
58021.196514945 22.76691010882109 0.07482980564037212 b'g'
58028.30373362 22.97911772049843 0.19985449428534707 b'g'
58036.28396068 22.902957937613095 0.21331308389160242 b'g'
58040.28216202 23.0163168647091 0.0821419901194318 b'g'
58045.28152621 22.824984175976592 0.04545829387833914 b'g'
58052.28799791 23.012093955414525 0.09303333636582423 b'g'
58057.2191886 22.980682470485505 0.21469276817711602 b'g'
58067.05507703667 22.739204974952667 0.07146295863913014 b'g'
58074.040408305 22.94057491701808 0.05697554493933701 b'g'
58079.15367517 22.92605782120686 0.07369049112323722 b'g'
58084.25618915 22.743763600202726 0.08083959056305097 b'g'
58093.0460443 22.806663245540104 0.052551806317940306 b'g'
58099.20043333 22.699464237394494 0.06167218539866753 b'g'
58107.142851245 22.873940594054446 0.0611132912349949 b'g'
58112.182891245 22.906665866004868 0.061086208015343105 b'g'
58126.17409739 22.77839012560148 0.08439116959416391 b'g'
58133.06469382 22.7480689401621 0.09362011893842848 b'g'
58139.068634074996 22.746741969952907 0.06001450909063706 b'g'
58143.07337352 22.90213232548397 0.17909547500090994 b'g'
58154.08218153 22.81007842719098 0.11828502350238779 b'g'
58161.05735122 22.771033508983958 0.06045301470556291 b'g'
58454.210403105 22.627855336313203 0.07224463823558237 b'g'
56538.39810024 22.736350152158526 0.06310690817358022 b'r'
56545.25013258 22.944923840201167 0.07729328865564256 b'r'
56564.29749229999 22.814870610682235 0.0424546236203118 b'r'
56568.262875775006 22.770460521830596 0.039946456099355786 b'r'
56576.18102016 22.76009052954111 0.05394475288121569 b'r'
56579.34062095667 22.804977531171403 0.031639701457399264 b'r'
56591.33145870333 22.761105311282435 0.04817209408031427 b'r'
56602.30465546 22.85774010676958 0.042974968358117774 b'r'
56607.31169149 22.655403380299276 0.08629352472066287 b'r'
56611.32801433 22.613740777361492 0.09458112106553908 b'r'
56615.25420142 22.689313279805916 0.15892386143238824 b'r'
56627.149784546666 22.799940303748695 0.028777100042131857 b'r'
56635.20344984999 22.840599904327302 0.03584391528314477 b'r'
56642.12836392 22.61999534476906 0.18529884238039784 b'r'
56648.21417858333 22.80632180570277 0.05599034278820039 b'r'
56655.05513391333 22.78626393570182 0.027184803595669254 b'r'
56662.06546898999 22.833110724523053 0.028182710932467128 b'r'
56668.18370728334 22.82642852611749 0.07790812313313754 b'r'
56675.20421631 22.842321335137527 0.18929018859561708 b'r'
56683.116074965 22.892067923228463 0.04975728087183893 b'r'
56687.1574988 22.593376243425393 0.114946708437067 b'r'
56694.062709275 22.896174639106228 0.05931575573010877 b'r'
56885.37399114 22.997174142960397 0.1143247371439422 b'r'
56912.31344064 23.091990745579412 0.18651620908554278 b'r'
56920.209548583334 22.976621186514087 0.042214828508571466 b'r'
56925.308955219996 22.91225386315781 0.05951040979000313 b'r'
56943.36218955 23.09090914485093 0.08224392757631749 b'r'
56950.1269651 22.82160549624845 0.11821242164016255 b'r'
56957.154754874995 23.103038460129373 0.07806259368523612 b'r'
56973.15486437 23.039048696713763 0.05488375261099652 b'r'
56980.221517620004 23.07809960038517 0.03790371271047069 b'r'
56987.22658951 23.14345439275635 0.06889339628320812 b'r'
56990.22244342667 23.026684305317715 0.06535212189948673 b'r'
57005.25241679 23.032017609112422 0.07523248059639165 b'r'
57012.20387041 22.832034130803944 0.11377072721137492 b'r'
57018.19795136666 23.016124554188377 0.05525399305495131 b'r'
57025.145046025005 23.0148524868229 0.1035527009736054 b'r'
57032.107223795 23.006957011962715 0.060110642780639 b'r'
57039.07746904334 23.05857869441395 0.04085964373097799 b'r'
57044.11895461 22.887877035360535 0.0485569726371041 b'r'
57051.111923485 22.86055891613546 0.07134721425880797 b'r'
57066.07381494 23.113171828749444 0.12121846599382378 b'r'
57249.41656036 23.267117170067923 0.08577000283746727 b'r'
57250.30014502 23.1923915954257 0.179710379408192 b'r'
57255.374816623334 23.21001978574044 0.08212329932491338 b'r'
57265.352147715006 23.059354661059153 0.12544602813930497 b'r'
57276.32890806 23.163535953408314 0.09436302860771661 b'r'
57283.27690712 23.175707946171876 0.05475098986265456 b'r'
57287.36136636 23.14286173372316 0.1278665463779589 b'r'
57297.35046136 22.967117493548976 0.19564391767411493 b'r'
57302.25601521 22.983299093565485 0.08802052146756978 b'r'
57311.22633341 23.315875948273312 0.0765834638229066 b'r'
57317.19471367999 23.142923149405924 0.0807012898853119 b'r'
57329.19998097 23.112884295734602 0.08696771806765638 b'r'
57339.14163246 23.25446087049779 0.1230717536705761 b'r'
57345.26869423667 23.177787798989524 0.05938862787139701 b'r'
57356.08899047 23.295060288116172 0.08672751447845073 b'r'
57365.210016573335 23.185363061397343 0.03501553430465688 b'r'
57372.141462975 23.16138581678684 0.05877225198377744 b'r'
57378.04831815 23.096445702669367 0.10723594339985232 b'r'
57385.173494655 23.256927600801447 0.09089244138626754 b'r'
57389.16752043 23.333873442208258 0.09035946060756572 b'r'
57394.18028073 23.001256670968512 0.10692412302406495 b'r'
57395.16864746 23.078259464694536 0.12393571358720122 b'r'
57402.11200853 23.122733029689186 0.05128798066543063 b'r'
57408.0970245 23.15813101638832 0.23382861486145856 b'r'
57615.396455035 23.335275288810074 0.08338458911078334 b'r'
57627.41031158667 23.324989018040867 0.08631165723729109 b'r'
57633.30052486 23.234447988680763 0.1123428333491816 b'r'
57637.31452289 23.170642463625004 0.12539230558346404 b'r'
57643.29753744 23.25872629795469 0.06770159417219322 b'r'
57645.390771065 23.264075627109193 0.06952751268494646 b'r'
57653.331863925 23.345314491131028 0.08999301666658073 b'r'
57660.23173046001 23.369180936371098 0.04830185350789885 b'r'
57666.326764645 23.184952989867252 0.12251098854449759 b'r'
57682.11234311 23.11058224678416 0.13981773607281767 b'r'
57686.36106873 23.352554364055816 0.1180970577410676 b'r'
57694.12625125333 23.360718926298073 0.07509784281971227 b'r'
57701.13887656 23.43543206509718 0.11310854463287257 b'r'
57708.14495393 23.249829688852817 0.2441342075815598 b'r'
57709.089976295 23.411530388785668 0.13147497034299702 b'r'
57714.2740297 23.18269011217963 0.15186986707702488 b'r'
57718.24835574 23.42895169633374 0.07062783343726084 b'r'
57722.28651166 23.37216976332718 0.07583764545625295 b'r'
57746.08997857 23.43760844388074 0.08468564954850066 b'r'
57750.16052989 23.349288621605744 0.10183094081716959 b'r'
57756.147717140004 23.1624910091875 0.07266822629772919 b'r'
57763.0972696 23.44461067775395 0.14685573325373014 b'r'
57771.09194005667 23.274257797351268 0.0448999162842697 b'r'
57778.143219815 23.441511882570595 0.08033225223176722 b'r'
57782.09134064 23.10965598755469 0.11136079922621533 b'r'
57800.0603669 23.48497156657129 0.12121784245586298 b'r'
57987.27176085 22.79757413014505 0.07498046229653355 b'r'
57991.404339736655 22.664148340984784 0.03445627721175329 b'r'
57996.40258173 22.721630758117936 0.3377663039505059 b'r'
58007.36071731 22.60296468902557 0.06227786555696112 b'r'
58014.209251110005 22.712005429179953 0.038369598567421136 b'r'
58021.204109235 22.651273852591913 0.05394381635083264 b'r'
58028.317518205 22.513549629829473 0.0772341473942688 b'r'
58036.29025783 22.72834270818855 0.07795904908569389 b'r'
58040.29614654334 22.686737228136348 0.03440836758798562 b'r'
58045.309348337505 22.659808867627746 0.03528897045422819 b'r'
58052.142168649996 22.626858755938894 0.04684286975979324 b'r'
58057.23049094 22.70422609808763 0.0520286290429581 b'r'
58064.2215554 22.492895416590333 0.08360740177128534 b'r'
58071.20992853667 22.680031034144204 0.02624089304796447 b'r'
58076.27751299 22.637544837782585 0.04877693036778079 b'r'
58082.206253879995 22.58311655663209 0.03240625388337449 b'r'
58092.09370423 22.794664061425717 0.2067280159089222 b'r'
58097.2205072 22.539181223406185 0.03534675284262805 b'r'
58101.20685212 22.54807069368069 0.03192829527044879 b'r'
58108.171452799994 22.658642539719143 0.02492699854880271 b'r'
58117.11908611 22.77398676777856 0.11883539655214292 b'r'
58124.10434238333 22.665704116648364 0.023213270869083893 b'r'
58130.061921215 22.581027504934287 0.07456316423474349 b'r'
58137.0597446 22.61876883160707 0.029767988167407798 b'r'
58153.08414421 22.720645053445107 0.031199868232779312 b'r'
58159.07894075 22.804788315466343 0.13323105952794734 b'r'
58160.036160903335 22.73728301923565 0.0389949685229929 b'r'
58409.24132451 22.61753721591881 0.13382841385914546 b'r'
58410.33519898 22.629020471788458 0.2595390822251815 b'r'
58431.20554387 22.84937787439113 0.11630872794141923 b'r'
58454.15199515 22.646160619344474 0.12204088868183405 b'r'
56538.35331336666 22.62331606413577 0.0605671788455887 b'i'
56545.2365925325 22.71096759379578 0.05351857315165994 b'i'
56552.36879692 22.53440662726028 0.2299619719244177 b'i'
56558.38508724 22.680906085699085 0.059874088919429545 b'i'
56559.282977524 22.723992577000633 0.048818408662630985 b'i'
56564.24598034667 22.774641212127847 0.05406302700860081 b'i'
56568.203329424 22.68428070294177 0.03460019944947484 b'i'
56575.37072182 22.713438200895794 0.0976673011055702 b'i'
56576.16035149334 22.633573595115216 0.05515641577237945 b'i'
56579.32107878 22.676730808390865 0.04291146585969664 b'i'
56591.31174703401 22.72901472736895 0.04879419302138512 b'i'
56602.2827235375 22.695840585949256 0.05535155043642563 b'i'
56607.28698708 22.567467208457803 0.07277218525149402 b'i'
56611.29841385 22.72771914316079 0.11799031361965531 b'i'
56615.243913 22.66065765498437 0.12449686754585797 b'i'
56625.291917769995 22.78151081468178 0.057513678197470566 b'i'
56629.132068515 22.469925742486762 0.1052572003396359 b'i'
56636.1359411225 22.705333418033696 0.050228283222028554 b'i'
56645.159088666005 22.6314004598988 0.05071159161188813 b'i'
56649.19310062667 22.732445509370343 0.059031202209718976 b'i'
56656.070398453994 22.617946158274023 0.030663931602046526 b'i'
56661.17691523 22.659336858272077 0.06917590442356107 b'i'
56668.147144565 22.594824811280837 0.08415163701893799 b'i'
56675.1822438925 22.67597756828138 0.10322659283064498 b'i'
56678.13015615 22.78031040504154 0.21822455718573155 b'i'
56682.165000500005 22.764689449415975 0.06848342627763876 b'i'
56690.0990653225 22.77546173725987 0.04285759160557203 b'i'
56697.097979273334 22.752945672978385 0.07573008090727948 b'i'
56885.35658903 22.979642811470644 0.08609343943518948 b'i'
56903.26935698 22.90826065252244 0.10797641650871212 b'i'
56912.325687109995 22.924503339077393 0.07480568397343902 b'i'
56920.22973919 22.998877319577698 0.0423106126721945 b'i'
56925.33717989801 22.958505151909844 0.044051896563051314 b'i'
56932.19714784333 23.11640778180918 0.0705531320362615 b'i'
56936.26488648 23.044839852741628 0.13413365657371637 b'i'
56944.13893406 22.87469374821834 0.06519631217721225 b'i'
56949.3594355875 22.951059105817304 0.04958630115883661 b'i'
56956.3252012175 22.941806606808086 0.08251701171839602 b'i'
56960.30735890667 23.000651236382627 0.08349504465049601 b'i'
56966.14011707 23.00947547145056 0.15758608226363197 b'i'
56973.25330086667 23.039801992850443 0.06537783702692684 b'i'
56980.2439256375 22.946097002500494 0.05075997797665139 b'i'
56987.241809123996 22.954777930187433 0.042138667606754054 b'i'
56990.247167509995 22.99222326732212 0.1519529597968832 b'i'
57001.20884585 23.030910152865292 0.05486937730604109 b'i'
57008.04929355 22.9194987441314 0.06868124378007412 b'i'
57012.229413445 22.88033643554015 0.11590030304347011 b'i'
57018.218165759994 22.828198622673035 0.08825699300148383 b'i'
57025.162987655 22.946479860111218 0.11524978552350845 b'i'
57032.125462605 22.951191869590712 0.08798531049785167 b'i'
57039.09319408333 22.79962196129052 0.07628551391472013 b'i'
57044.15748758 22.840532906593364 0.07066489219199773 b'i'
57051.12969545 22.924849622393822 0.06395563370539706 b'i'
57061.080765214996 22.977724544507115 0.09575971550380899 b'i'
57066.09350967 22.758866013614977 0.10572526543926486 b'i'
57250.31086274 23.159948531808386 0.25297650631577895 b'i'
57257.288387885 23.145673535061988 0.09195164807855935 b'i'
57266.25559453 23.12521856131147 0.21508242597835903 b'i'
57277.37761564 22.982033416295106 0.06444667683636537 b'i'
57284.36383913667 23.052535196857495 0.06593212073498833 b'i'
57288.32139889 23.09927940955245 0.13665186077948913 b'i'
57292.2324236 22.83774068783504 0.22303784608252997 b'i'
57302.27920212 23.1315024285488 0.07748773454357602 b'i'
57311.240068026666 23.066591620671407 0.05993737273857646 b'i'
57318.110770725 23.053261685705518 0.15352057054444826 b'i'
57327.106698162504 23.11065227577805 0.07312014665587407 b'i'
57331.2228598725 22.953162306652093 0.07483843897970356 b'i'
57339.222155447496 22.962382992331648 0.06775257614612322 b'i'
57345.29288896 22.94705300174257 0.11298512865678201 b'i'
57349.25314943 22.956760140013365 0.16515255334945422 b'i'
57356.15461518001 23.09460855036902 0.0754604168400674 b'i'
57365.230214863324 23.111587532441412 0.04976079365551908 b'i'
57372.15716439 23.121906594547127 0.09485522703293404 b'i'
57378.116029280005 23.076929670411015 0.1629187959238319 b'i'
57387.116899934 23.084060007913834 0.0449646588740956 b'i'
57391.17796981 23.20241811535733 0.25687131676133035 b'i'
57397.0955315 22.892397520131116 0.14105746209098058 b'i'
57404.05370786666 23.04203021291603 0.08519277922909171 b'i'
57425.093441674995 23.021612573414597 0.12172410347338992 b'i'
57623.28771058 22.912648499180627 0.1301038346532062 b'i'
57629.2673763425 23.13903692353775 0.06693850541615803 b'i'
57633.377983779996 23.21525698343031 0.1030010643537444 b'i'
57634.2680889475 23.080728436605764 0.07220098846890724 b'i'
57638.2385119175 23.175896112944546 0.07138500606944262 b'i'
57643.33414746 22.92572950942352 0.1505045003291663 b'i'
57653.3810131 23.151990681124158 0.06309990008921364 b'i'
57660.251823384 23.1735505424021 0.053064980882722705 b'i'
57666.346910279986 23.040403255519983 0.058561790267439455 b'i'
57683.179543486 23.163371431273415 0.06692567573562665 b'i'
57687.19619477 22.983719308226217 0.1814761635274671 b'i'
57694.27540943 23.22489299649765 0.13473909507845613 b'i'
57701.161679665005 23.153533164621013 0.07921457482332057 b'i'
57708.17120892 23.193162715016683 0.09627737783877299 b'i'
57714.109207225 23.19532800555956 0.0847203511990668 b'i'
57718.26706683 23.106353170233845 0.0740621678498302 b'i'
57723.10249796 23.00087611788149 0.1300386576110309 b'i'
57730.12346359 23.12114892060664 0.09660228153428846 b'i'
57739.198178449995 23.09569588799581 0.12462213971862665 b'i'
57746.100678415 23.170133476794447 0.09323075369282731 b'i'
57750.18104597 23.253688762260644 0.18204896962463835 b'i'
57751.0771075 22.93165895903858 0.16237871351656707 b'i'
57756.16529238 23.1541072492365 0.08030500969095732 b'i'
57763.11587103 23.161412978680293 0.11156141985537962 b'i'
57771.114256825 23.094107508321038 0.09776434714142432 b'i'
57779.096553182506 23.1096072258124 0.07428366426948624 b'i'
57784.0715938375 23.14439404213151 0.06910418245215451 b'i'
57791.078206995 23.07588397863496 0.12699807621002518 b'i'
57803.04730708001 23.027349635355577 0.08526623240487133 b'i'
57987.299157165 22.580368754924734 0.0552607366751048 b'i'
57992.312941295 22.528149182230766 0.04541603397241399 b'i'
57997.24911641 22.491102587555645 0.2081917592895728 b'i'
57998.26244689 22.338638222391303 0.1910270292862748 b'i'
58003.27172481 22.64655672223991 0.1500433473518612 b'i'
58009.374389205 22.40178441949101 0.06880850558266907 b'i'
58019.27448610001 22.61570271825829 0.04651827587928644 b'i'
58037.14424030999 22.542732622334476 0.04526771404845096 b'i'
58041.14650024 22.424205937933092 0.10785470759299542 b'i'
58046.12105909 22.53842845119229 0.043677440326590246 b'i'
58053.10444107 22.524117016818877 0.0672947492708845 b'i'
58057.29764571 22.608672500702156 0.07369026803457036 b'i'
58064.243955175 22.61030605543764 0.04677869275734279 b'i'
58071.2290078575 22.507471785929305 0.035498370603949406 b'i'
58076.301446045 22.46937946656918 0.05155966447870837 b'i'
58082.22529306 22.581067000872174 0.04982181154514053 b'i'
58084.27956209 22.52779852001497 0.1322968499757522 b'i'
58092.111647257494 22.506312776405935 0.06043523575516885 b'i'
58097.25093612401 22.50159241269604 0.03920812232827326 b'i'
58101.231522263326 22.47537907911934 0.04859664999868766 b'i'
58108.19162021801 22.506979687074338 0.030411462609233154 b'i'
58117.144629625 22.57975457369541 0.08345536060348169 b'i'
58124.124513904 22.515164288434317 0.029004898877311742 b'i'
58130.13773982 22.359821845064303 0.11101723688669823 b'i'
58132.0527722225 22.446956374674976 0.0366210593402852 b'i'
58138.050400629996 22.44822065178754 0.054882660432336076 b'i'
58153.10433015667 22.49146689660511 0.050402145872902405 b'i'
58159.08031041 22.692309740528728 0.19100898122009013 b'i'
58161.04010211599 22.412452991501148 0.04578577851229507 b'i'
58372.31931592 22.36402989592865 0.11797787228120882 b'i'
58409.24304893 22.49363940210407 0.15718856970142525 b'i'
58410.33568205 22.68496246246266 0.2582698675632713 b'i'
58431.20726427 22.71117965203303 0.17200738263323245 b'i'
58468.1340511 22.572640016810904 0.2847455989808765 b'i'
