MJD_OBS MAG MAG_ERR BAND
56543.20980393 22.504047224038466 0.05891927960652055 b'g'
56545.32759579 22.671005766479798 0.07188607899394484 b'g'
56563.15482123 22.76198755672761 0.07092305557401701 b'g'
56569.26148751 22.464696397309773 0.06728436537153115 b'g'
56575.12260873 22.58691365637918 0.06538170721118419 b'g'
56579.11167036 22.69147350109046 0.1628142497700189 b'g'
56591.09028556 22.606179494856306 0.11355960439190937 b'g'
56592.17943104 22.47801134378414 0.10643703184440767 b'g'
56595.06885957 22.79214229830216 0.14774160806593528 b'g'
56602.04962977 22.69661888678603 0.06580467010822488 b'g'
56609.0962523 22.840645648160557 0.15803402388879917 b'g'
56625.13393485 22.69810580437794 0.06907395267943173 b'g'
56635.06778787 22.698355312008303 0.09920764326149367 b'g'
56682.09526787 22.459489812804925 0.08093204577405544 b'g'
56904.22063954 22.043085485895503 0.09633749858702245 b'g'
56915.29188472 22.108197298428863 0.07885487083727583 b'g'
56924.1798125 22.20303886744896 0.04144290894582525 b'g'
56931.16080699 22.22400870425235 0.08944070716204777 b'g'
56936.36095017 22.33853032738945 0.12335645370991699 b'g'
56949.11217035 22.34970625236124 0.11586725220421101 b'g'
56951.32782422 22.171200505097996 0.09906964970268817 b'g'
56956.20345555 22.2431025859147 0.07039823010719815 b'g'
57012.05367766 22.115343925101275 0.09187969172351274 b'g'
57014.05555503 22.191727399840797 0.058529505472066035 b'g'
57026.09134652 22.04435129982788 0.18314310028592828 b'g'
57265.37756097 21.877540457990445 0.1224106171210586 b'g'
57278.29841348 21.991769902270143 0.0406521773253985 b'g'
57286.2284128 21.90302952883962 0.07733121052589098 b'g'
57298.33140991 21.69693925316023 0.08067553917665293 b'g'
57299.13921489 21.862611496097553 0.05891164170729013 b'g'
57304.19155011 21.847749369316166 0.04659257814156348 b'g'
57311.27997021 21.79612232954336 0.03580801581334114 b'g'
57331.05362349 21.7246304872386 0.0412031622265161 b'g'
57339.1484757 21.746117108410235 0.04179442530432098 b'g'
57346.02430791 21.9133340297494 0.09125264016721601 b'g'
57356.09574364 21.780462569105953 0.02723032440888673 b'g'
57366.05369027 21.76883358943651 0.029722906389949344 b'g'
57373.05054373 21.843636344112813 0.05642140703211851 b'g'
57385.10707857 21.78156334446794 0.05145655143977024 b'g'
57389.0716597 21.909000651242117 0.04203524631788369 b'g'
57396.05896346 21.92863744304709 0.04598743237580294 b'g'
57403.05920187 22.03914207563859 0.0675158885022995 b'g'
57427.06339195 22.070081354543085 0.06488678558530125 b'g'
57631.23054965 22.12517629540954 0.05686802834526361 b'g'
57636.21830952 21.966418904641 0.06096226306981123 b'g'
57653.29183038 21.9396693627443 0.08168550420138487 b'g'
57657.23646843 21.954246430624206 0.04836931393468902 b'g'
57662.37700256 21.935231734843796 0.05172869042048234 b'g'
57694.19850039 22.174358091793923 0.045543590727998406 b'g'
57709.03459023 22.264314515022768 0.06234578660748013 b'g'
57714.18335289 22.30161687467011 0.04914753093583357 b'g'
57718.0698262 22.155719753547835 0.06404065159145844 b'g'
57739.11474067 21.994957861637666 0.11778139487461914 b'g'
57753.11394606 22.26056120175559 0.09264716638431025 b'g'
57780.05155067 22.226152040569442 0.07882866740200001 b'g'
57986.33459896 22.46461804117944 0.07939872316253371 b'g'
57991.25957365 22.644969767126355 0.09999598093056505 b'g'
57995.40874122 22.567147399006338 0.19390219607885228 b'g'
58008.19710353 22.59287163494931 0.19205489127737252 b'g'
58019.180212 22.425894514528967 0.069532322698457 b'g'
58022.2905186 22.45896442713798 0.07937897565737373 b'g'
58026.16283648 22.52081511368198 0.20942430077620244 b'g'
58036.22719688 22.73554870472346 0.1343588443215289 b'g'
58040.14785819 22.557198973762976 0.07373887150797387 b'g'
58045.09791464 22.6005817767728 0.08641209693640661 b'g'
58052.21774175 22.636710590124558 0.0945681810530914 b'g'
58057.07982564 22.705087220332388 0.20735044807632264 b'g'
58064.06417424 22.726723523658357 0.06735161964355996 b'g'
58071.06790126 22.592124390644184 0.06575951244889211 b'g'
58076.13561141 22.63436080686974 0.06117113402495633 b'g'
58082.07513501 22.59442526079503 0.10870663297443883 b'g'
58097.11661145 22.422956958357158 0.06917305915565919 b'g'
58102.04054147 22.604592198793675 0.1298235888715027 b'g'
58372.2772907 23.017753237273098 0.07480840730240956 b'g'
58401.22473178 23.045068801671988 0.1496231016568963 b'g'
58431.15708018 23.06049554887997 0.11047778256418184 b'g'
58451.1611436 23.017320018752315 0.07196164525742432 b'g'
56536.1945643 21.84370630891237 0.06265231362207402 b'r'
56543.21217066 21.677721476616586 0.047445595360361636 b'r'
56547.20126653 21.68579463149096 0.06181285896998646 b'r'
56567.14611318 21.642381230688564 0.08475692144240554 b'r'
56569.2652815 21.87804792234965 0.055799947587161114 b'r'
56575.12497805 21.699872970060984 0.05188576253498667 b'r'
56576.22687912 21.902005307648757 0.055551853189719225 b'r'
56591.09266166 21.853610650595357 0.07216293786103734 b'r'
56602.05201731 21.83497108944229 0.04631240113563351 b'r'
56609.09864893 21.8718441489455 0.08282446164247759 b'r'
56628.09248363 21.98752172940717 0.06415074904681006 b'r'
56635.07015746 21.918102983919 0.08630514632388753 b'r'
56653.04957283 21.85375157810921 0.110373508600496 b'r'
56660.10509699 21.900191256402397 0.058853287116598096 b'r'
56682.09763426 21.733306891660195 0.06329598417551452 b'r'
56690.03764893 21.876937003122947 0.05791868821317082 b'r'
56697.06793677 21.897633202820295 0.12162409738814262 b'r'
56904.22299879 21.45370172989314 0.06758512407415651 b'r'
56923.30407545 21.51073136793255 0.05787103682389017 b'r'
56924.18216777 21.550595739810365 0.04234043715683811 b'r'
56925.28787488 21.55463286092552 0.050160104140122286 b'r'
56931.16318222 21.62336651907088 0.05669475017542425 b'r'
56932.35475558 21.514085029169507 0.07764272650140215 b'r'
56936.36330515 21.54769466773944 0.08507102599210725 b'r'
56943.24700139 21.72919108933193 0.06445592627301622 b'r'
56949.11451471 21.61334007482401 0.11883270093219167 b'r'
56956.20581276 21.591493018535402 0.05081494977955714 b'r'
56960.22846677 21.694359445530726 0.06817505234499066 b'r'
56973.07487045 21.782708618130386 0.05054099700593184 b'r'
56987.07295748 21.80089828069461 0.05550467753311494 b'r'
57005.07438299 21.673405234498397 0.05585977301642231 b'r'
57012.05602441 21.684504960168898 0.08132152375205948 b'r'
57014.05790376 21.580974635909627 0.049069816523093834 b'r'
57026.09371878 21.663734720278676 0.08334712003781419 b'r'
57040.049486 21.460981706605804 0.035960528509662026 b'r'
57265.37994029 21.532917707104673 0.12662085740767992 b'r'
57278.30077551 21.43621572453836 0.0392898761513365 b'r'
57288.18485375 21.354385528263137 0.08316051919315015 b'r'
57299.14158051 21.25142583923917 0.06175540917610789 b'r'
57304.19391682 21.441301762387194 0.0678908730532406 b'r'
57311.28232739 21.34463486100433 0.03986864157375791 b'r'
57315.19428041 21.210836455396617 0.048678849786561784 b'r'
57327.06530411 21.261939381430153 0.03676200237184446 b'r'
57331.05598654 21.301033823733846 0.03832515736686659 b'r'
57346.02667238 21.458747260674883 0.056366109069657 b'r'
57356.09809059 21.363746621627907 0.028351038418104935 b'r'
57366.05604446 21.383291094260514 0.030405825327168397 b'r'
57373.05291182 21.465269997065867 0.03919530559125306 b'r'
57385.10942809 21.412457223401397 0.03953640033246941 b'r'
57396.0613153 21.470782054913606 0.039304432722634175 b'r'
57631.23291259 21.509416441788574 0.05185157412643093 b'r'
57636.22065914 21.513136535983836 0.04066384948167112 b'r'
57642.3202994 21.415662442754545 0.05462058038033035 b'r'
57653.29418175 21.58133298559772 0.04910440759476131 b'r'
57694.20085287 21.505842653197117 0.04254325292310668 b'r'
57714.18570345 21.724316264479974 0.04422743374846405 b'r'
57718.07218201 21.541500738708482 0.05066083503638197 b'r'
57728.04763922 21.704465962949993 0.06586040732576137 b'r'
57739.11711614 21.75737484977054 0.06234293236453681 b'r'
57744.06445825 21.62795830196467 0.050378158093963066 b'r'
57750.05689678 21.720344972031764 0.045367714290009076 b'r'
57756.06680319 21.69626843505378 0.0489627434562685 b'r'
57986.33696516 21.702121944788075 0.06251584306803437 b'r'
57991.26192463 21.56018141388037 0.11679363892075757 b'r'
58010.19521705 21.787696252068663 0.04591150845526215 b'r'
58015.23787787 21.715057142729318 0.052667752943924194 b'r'
58019.18256999 21.72667517539893 0.04807506596489475 b'r'
58036.22955282 21.668102651575058 0.09169430363031239 b'r'
58040.15021172 21.748230691312365 0.04962403575021668 b'r'
58045.10027891 21.823631404742905 0.06706973529612625 b'r'
58064.06653381 21.813674476322973 0.05633462319681826 b'r'
58076.13798212 21.826651618781575 0.05445107153673234 b'r'
58082.07749455 21.687322768526357 0.07171481238280464 b'r'
58092.04998026 21.602569076811413 0.09444527298269634 b'r'
58097.11897852 21.789794287871118 0.048855747797290405 b'r'
58102.04289895 21.63274048391353 0.08127974045616781 b'r'
58109.05850216 21.73925370627237 0.039126071362360904 b'r'
58113.06544936 21.540257965185234 0.050830451487481554 b'r'
58122.10278342 21.547823779486105 0.08197715848615417 b'r'
58129.05861457 21.466564890263626 0.04534950234067381 b'r'
58136.05623838 21.499366984493285 0.053339357956591726 b'r'
58372.27901684 21.965718366171487 0.059623017290057596 b'r'
58401.22645764 22.017590720142785 0.10642156559266525 b'r'
58428.17448306 21.886942688686286 0.08899613284740227 b'r'
58431.15881191 22.03905467229218 0.07275036492710285 b'r'
58451.16292028 22.089136881291218 0.05350008545318019 b'r'
56536.19788762 21.10904149486025 0.06518689259502253 b'i'
56543.21425851 21.075442518563648 0.044215943287937876 b'i'
56551.27962424 20.887561129626864 0.06157596616290917 b'i'
56563.15925831 21.09457480252025 0.03955646426552306 b'i'
56567.14818071 21.0564959314468 0.05117096978406366 b'i'
56575.12706268 21.04635894603527 0.036093309578475896 b'i'
56576.22826397 20.99642203492619 0.051385009309200314 b'i'
56578.24145407 21.195191726960353 0.05396843695059772 b'i'
56579.11612136 21.02343610608822 0.057593045592504666 b'i'
56591.09473942 20.978739236791856 0.05609978446165442 b'i'
56595.07328429 21.168190693900122 0.17285078418170485 b'i'
56602.05409401 21.082393525100372 0.03728425566293225 b'i'
56609.1007271 21.06031829339702 0.05059163345813644 b'i'
56625.13838828 21.009538449012062 0.03693090368679819 b'i'
56628.09457289 21.09233904382738 0.04412743055209489 b'i'
56635.0722325 21.093440814846318 0.04926115769120187 b'i'
56645.09667157 21.144553094114617 0.046097509121167946 b'i'
56653.05164557 21.082506861178857 0.08295022238794658 b'i'
56660.10716438 21.1134855861526 0.05199538546105842 b'i'
56675.11839414 21.048821483936806 0.08341102388836674 b'i'
56682.09972669 21.02524057237889 0.05546909759723562 b'i'
56690.0397116 20.922206945578143 0.0473858965934042 b'i'
56697.06999956 20.971671257253156 0.07251082591279712 b'i'
56891.41085438 20.878893167535303 0.03508269776670403 b'i'
56904.22505649 20.928096764366973 0.039566996892148154 b'i'
56915.29631359 20.916538683245438 0.03759009985958883 b'i'
56923.30613803 20.827548830127323 0.04557093071224472 b'i'
56924.18423241 20.97798042935827 0.03246619073708956 b'i'
56925.29761883 20.978124371477374 0.04751278440886608 b'i'
56930.2696021 21.031548897400544 0.042019938582740224 b'i'
56931.16524863 20.908979349955498 0.04955795463723334 b'i'
56936.36536856 21.11662318882459 0.05535803709767251 b'i'
56943.24906436 20.987500551363702 0.03812277023599364 b'i'
56949.11657259 20.80150884859639 0.1927644093369878 b'i'
56960.23052601 20.992391047576746 0.04439590561586826 b'i'
56973.07691894 21.082544039705635 0.04153358215466696 b'i'
56980.07000668 21.0836719556804 0.05404141116730088 b'i'
56987.0750182 21.01081346256046 0.0450820234296323 b'i'
56992.06576053 21.007533367710785 0.05158049537351417 b'i'
57001.23004963 21.070875689856138 0.05208534351588412 b'i'
57005.07643796 21.04662986204467 0.054091256588929326 b'i'
57012.0580769 20.928082696554117 0.04744598978452075 b'i'
57014.05997566 20.9722621643998 0.03526829768043882 b'i'
57019.0888538 20.998982922937607 0.037894760128828864 b'i'
57026.09578986 20.98011595896746 0.05074940671440231 b'i'
57033.04405345 20.81220481772147 0.04261381757386218 b'i'
57040.05154246 20.86330043175179 0.03389680332995937 b'i'
57045.05013206 20.75888337264634 0.05337079716562343 b'i'
57052.03919214 20.85007376409257 0.045726691369537775 b'i'
57249.28349874 21.032551449584012 0.04874365146578796 b'i'
57257.27181781 20.931163775512857 0.03755582667493229 b'i'
57278.30284852 20.841029703646225 0.036800806473173964 b'i'
57288.18692542 20.807175186072985 0.05467543378419393 b'i'
57299.14364705 20.85791506915634 0.07279433501685872 b'i'
57304.19598803 20.83789463666483 0.03057420528259769 b'i'
57311.28439037 20.802171742186907 0.025773027796823555 b'i'
57315.19634842 20.757090379651004 0.039158026105802435 b'i'
57327.06737406 20.935699290948023 0.03914116976520532 b'i'
57331.0580532 20.80947535118387 0.03706506985848179 b'i'
57339.15290691 20.83662115348082 0.03498469181849018 b'i'
57346.02874167 20.786702315160674 0.04547954771732776 b'i'
57356.100152 20.845795626230675 0.02712724058015681 b'i'
57366.0581263 20.90018137702681 0.0295826326322981 b'i'
57373.05497259 20.89395183625563 0.036280093902689714 b'i'
57385.11148613 20.84746891259273 0.03193261447782092 b'i'
57389.07608426 20.780617425474496 0.03776554329883908 b'i'
57396.06338532 21.002899113798584 0.03809241402730379 b'i'
57427.0678261 20.716892809277745 0.057670391298803025 b'i'
57639.40482464 20.993212372799626 0.057897289062776025 b'i'
57653.29624266 20.902587329059426 0.033878617450397996 b'i'
57681.09766199 20.809590726158667 0.07760002321058224 b'i'
57709.03901922 20.94982932129907 0.039731435788656455 b'i'
57714.1877621 21.015882887194806 0.03588312983455921 b'i'
57719.10805766 21.04856101775908 0.054999681745808715 b'i'
57722.0766541 20.92865540995596 0.03873352826312271 b'i'
57728.04971323 20.724823116746542 0.03409730362097463 b'i'
57739.1192175 20.811794950700758 0.04832581010646564 b'i'
57744.06653365 21.04178527316691 0.035508068530166526 b'i'
57750.05897236 21.008458401104896 0.034713873925625194 b'i'
57756.06887292 20.86622779669977 0.047897143351022464 b'i'
57763.08262337 20.87922758408051 0.06512103577626505 b'i'
57772.08198253 21.033942233567124 0.053292618370988976 b'i'
57780.05597542 21.06292606514532 0.051508176211747525 b'i'
57789.05154723 21.00262354176896 0.09615999032138589 b'i'
57991.26398481 20.85381776777465 0.06180137257862839 b'i'
57999.26847935 21.132942769360113 0.049026690748060986 b'i'
58014.39138658 21.048338476198897 0.05517228765219073 b'i'
58019.18463568 21.088072096114313 0.045249037285817195 b'i'
58036.23163036 20.99133546874439 0.04578326737360783 b'i'
58040.15227119 21.07305796104422 0.05145438752656517 b'i'
58045.10234334 21.032420785743092 0.05531167194821052 b'i'
58052.22215763 21.059709659768522 0.03850309437595101 b'i'
58057.08426267 20.99479155370276 0.05837416872854817 b'i'
58064.06859939 21.21086966232486 0.04729978694878767 b'i'
58071.07233602 20.97684021556382 0.04013011050992077 b'i'
58076.14005067 21.115053091913005 0.04323368385626125 b'i'
58092.05204419 21.12191901356141 0.06601847840497399 b'i'
58097.121062 20.936625160722826 0.04896092445556732 b'i'
58102.04497048 21.101718340665155 0.05553667724734624 b'i'
58109.06058433 20.903589712392247 0.03158051394288108 b'i'
58113.06752082 20.9900722651275 0.036343610909060686 b'i'
58122.10484708 21.144281162203377 0.04403583767075858 b'i'
58136.05831 20.880716351866976 0.03949558595253322 b'i'
58372.28074752 21.16233712873119 0.042992035423012 b'i'
58401.22817196 21.221539132887717 0.05738943064354274 b'i'
58428.17585506 20.95355146530993 0.06692088133787166 b'i'
58431.16054514 21.038690554408895 0.05932569860647163 b'i'
58451.16464209 21.21643580618914 0.04802968478090719 b'i'
