MJD_OBS MAG MAG_ERR BAND
56520.23586661 22.97847896124818 0.11318940363347352 b'g'
56538.14720893 23.043369973930982 0.08294755552908128 b'g'
56547.09417018 22.988413766606723 0.1757453475699684 b'g'
56563.05038448 22.897948295938267 0.12655200977680536 b'g'
56575.01433457 23.09944074748233 0.12691356003222865 b'g'
56576.27213399 22.96294679784399 0.13254306698089735 b'g'
56592.07756676 22.951377827461247 0.12424958093255256 b'g'
56594.01242014 23.081453437588717 0.10924258476859094 b'g'
56602.01324238 23.045653911146537 0.11116761513073925 b'g'
56625.14834621 22.94324646783459 0.07917712289934897 b'g'
56628.104543295005 23.099497471823305 0.10091305177744204 b'g'
56649.05071368 23.031638857591556 0.08354359882048003 b'g'
56656.04670394 22.993381132759332 0.09805497711389677 b'g'
56667.04554227 23.152096223010055 0.22230563526962044 b'g'
56887.21096163 23.111224813926704 0.08322283499916239 b'g'
56891.37719244 23.167801405556162 0.09713290428007326 b'g'
56930.12745888 23.157747318272282 0.12248803824449794 b'g'
56956.00811989 23.013340679298626 0.09488770033593141 b'g'
56960.17070443 22.91486208586702 0.10599874376181262 b'g'
56973.02078094 22.88572342442899 0.07907538121228441 b'g'
56980.03745484 23.081419497294537 0.07293231475069817 b'g'
56987.04146497 22.81138034601947 0.08826864765664055 b'g'
56992.04630187 23.15637594265172 0.18542887872263591 b'g'
57002.05011183 23.08136629002592 0.0783460434712282 b'g'
57011.055966 23.073651176230996 0.07928882150007155 b'g'
57017.07357348 22.847256534082895 0.12823307595541422 b'g'
57030.09057864 22.830857696237764 0.23611079574013158 b'g'
57037.07382623 23.018964249265448 0.10965015590155502 b'g'
57042.08816102 23.029183996932435 0.1320599473009132 b'g'
57252.21530607 22.499110791033363 0.07026641331637506 b'g'
57257.22494548 22.554114783278216 0.0850846065169506 b'g'
57265.22292699 22.38998918070855 0.23217629546331864 b'g'
57278.18539721 22.500525922340664 0.05651780771265891 b'g'
57283.12905579 22.358080281607513 0.11747238140061354 b'g'
57301.04620305 22.317493427558496 0.12303444218341042 b'g'
57305.0640739 22.2148921733791 0.1158878421767362 b'g'
57311.02023556 22.479288498411776 0.08214678010896392 b'g'
57325.00952538 22.322614142164678 0.06009900299266136 b'g'
57329.02847203 22.217985099199893 0.05063277260722643 b'g'
57334.22381795 22.221685602944685 0.058988269110543 b'g'
57342.02141611 22.2722734949617 0.04993107510376049 b'g'
57347.0764212 22.538706212502316 0.13899291422258386 b'g'
57356.12013504 22.34071018771499 0.050556573662138504 b'g'
57366.03850317 22.213667202314955 0.06478188208348357 b'g'
57373.03559907 22.417813393949814 0.13581124886133722 b'g'
57385.09248495 22.45772294412589 0.08535302018984936 b'g'
57389.05716546 22.388284020306727 0.0642734684105335 b'g'
57396.04447411 22.365667644164116 0.09616574232189024 b'g'
57623.22154194 22.971768207619345 0.13203431260986065 b'g'
57629.2274611 22.909660355064016 0.07546346680387472 b'g'
57633.22495197 23.002263489513183 0.0894011694233896 b'g'
57641.08967446 22.952126099187602 0.14800073322569318 b'g'
57653.06771786 23.04969444501506 0.10750472278518687 b'g'
57662.23899273 23.034612699588003 0.09539995901786469 b'g'
57666.03514384 23.00487642948424 0.1003835769624537 b'g'
57671.00739619 23.15669521565156 0.16841093231500537 b'g'
57680.01620561 22.919675129361053 0.15800737558041078 b'g'
57681.01476208 23.0017767754886 0.13553015729165097 b'g'
57682.01626341 23.15112750722983 0.13526734876897706 b'g'
57686.02035913 22.998751230037136 0.10946442424246783 b'g'
57690.09593703 22.89548790311263 0.14183907704812526 b'g'
57714.0569117 22.999059686959 0.09752227037947137 b'g'
57718.0417159 23.159329235740785 0.11601207731714426 b'g'
57719.04530618 22.86379503738502 0.09869653870565287 b'g'
57723.12958818 23.020678688187267 0.12923492680211268 b'g'
57740.05698873 22.97814083410402 0.07070041114000958 b'g'
57747.05650762 23.019567881770257 0.07828918408387153 b'g'
57753.08202854 22.868456009207907 0.14369703688183932 b'g'
57760.0504428 22.845460559925797 0.2180010373067951 b'g'
57773.04639077 22.897010615261618 0.14210222123043792 b'g'
57981.21672658 22.621184927420217 0.10016291074219197 b'g'
57985.23821251 22.539662009157666 0.06752153696112373 b'g'
57990.24413175 22.531612658187612 0.05109537362783456 b'g'
57994.31635709 22.48334854935669 0.06797218893490964 b'g'
58007.09880819 22.420646768178752 0.07357904962829309 b'g'
58014.07756244 22.429690339607884 0.05608769084519949 b'g'
58021.0604333 22.565587295030703 0.13980075680976256 b'g'
58036.01892311 22.466822124915108 0.06611328443086606 b'g'
58040.03448104 22.449319865573603 0.07096418823496009 b'g'
58045.01578859 22.427911900929566 0.08006713488854444 b'g'
58052.01860166 22.380803667320535 0.07442320207202613 b'g'
58071.0398529 22.2712286125901 0.05845797214995585 b'g'
58081.11504607 22.392494832262457 0.05322757210301887 b'g'
58085.10964408 22.440063369674085 0.21594498488061475 b'g'
58093.05357512 22.328180511357896 0.05133231248933967 b'g'
58097.09606909 22.354166392480145 0.08529291902247849 b'g'
58107.10007776 22.34565622869605 0.05461001772615148 b'g'
58124.0900377 22.478791225640943 0.0620719717144631 b'g'
58127.047925 22.59604870472787 0.0714475894321609 b'g'
58372.26317869 22.5444150217508 0.05728306213690715 b'g'
58401.04783602 22.755297851189752 0.09321917905392496 b'g'
58431.10891515 22.60697776942623 0.08209041860724753 b'g'
58450.1730789 22.734516200313195 0.0739836652097924 b'g'
56547.09653251 23.091662233404648 0.19912628591201553 b'r'
56602.01560672 23.18618898100181 0.11203634925697513 b'r'
56609.02858898 23.253376293065983 0.18591472109748963 b'r'
56625.150719 23.089325997606668 0.10769394835542911 b'r'
56628.03612763 23.18680737555203 0.12497220386968877 b'r'
56633.15999087 23.26915907328382 0.19625574591623973 b'r'
56635.08580689 23.35391430178543 0.21944747955390298 b'r'
56656.074066665 23.284698442608363 0.10372596152207167 b'r'
56667.04792001 23.279281120605667 0.2224731369480608 b'r'
56682.05578757 23.168552841134385 0.18155720216770632 b'r'
56695.03331647 23.239811209276706 0.22564026822952243 b'r'
56887.21331552 23.296256046009294 0.11128853496596491 b'r'
56920.07710056 22.980845019113044 0.11340386148244974 b'r'
56930.1298036 23.30930590898953 0.16679483465882683 b'r'
56943.02038615 23.30648717418534 0.18269394408588724 b'r'
56956.01046727 23.113347278603783 0.11211142513841565 b'r'
56973.02313508 23.092249404304315 0.10611283507471114 b'r'
56980.03980992 23.21678480876748 0.0977122597978628 b'r'
56987.04381069 23.047243666012516 0.11976156368859847 b'r'
56992.04864985 23.29608764034347 0.18555181664645914 b'r'
57002.0524659 23.134135278057297 0.1004540307738111 b'r'
57011.05832003 23.100226070554246 0.09264887313963754 b'r'
57017.07592319 23.30264580306765 0.13707553647197557 b'r'
57025.05940896 23.007354151291647 0.20578451121671293 b'r'
57030.09293178 23.172850715856992 0.2418389123526694 b'r'
57037.07617681 23.091992077877048 0.11349794099778876 b'r'
57042.09052688 23.284822139820132 0.16795557803799355 b'r'
57049.04362312 22.99332567473651 0.1516488528674138 b'r'
57252.21765271 22.783136706752487 0.09245434327485214 b'r'
57273.31601594 22.74215029385358 0.0882169590421533 b'r'
57278.18775849 22.724426194334267 0.08207556998682008 b'r'
57297.04546027 22.717999105304543 0.13497380493912914 b'r'
57315.16552244 22.599978663758208 0.17913193656586657 b'r'
57325.01187698 22.462928952848642 0.08915318661014737 b'r'
57329.03082074 22.405854794747444 0.07644904814127784 b'r'
57334.22617088 22.460007370206753 0.08801506051083052 b'r'
57340.06579218 22.454565961200526 0.07000248417501354 b'r'
57342.0237807 22.523834593709264 0.07727399356597431 b'r'
57366.0408607 22.652784846426947 0.08210332462876124 b'r'
57373.03794872 22.520343473006836 0.14135712942275447 b'r'
57385.09485162 22.63950443046649 0.11444394047286365 b'r'
57389.0595156 22.475463178307816 0.07754681270871444 b'r'
57396.04682922 22.728921994019515 0.13024709836495063 b'r'
57403.04700967 22.571651206296846 0.09548196803210018 b'r'
57614.21004626 22.93623046461707 0.15718966971877535 b'r'
57623.22389204 23.29211527437582 0.16599342388497362 b'r'
57629.22982135 22.94134669768391 0.09739405200872397 b'r'
57633.22730846 23.11228421811448 0.15983548006069626 b'r'
57653.07007664 23.196882894204002 0.13158827959465924 b'r'
57657.21069054 23.216925994157226 0.14975524132460194 b'r'
57662.24134961 23.156683843915626 0.1128639924199284 b'r'
57666.03749751 23.047040833723997 0.15429638455342598 b'r'
57680.01855455 22.9965537886294 0.19352759177406398 b'r'
57708.06540656 22.95856098052485 0.21820405490531414 b'r'
57714.05925441 23.158947650466263 0.13141313004198096 b'r'
57723.13194106 22.969253041748953 0.1477069565354867 b'r'
57730.05492999 23.201550807921855 0.22076101287673566 b'r'
57740.05933101 23.019524709123502 0.10810469756627583 b'r'
57747.05885698 22.945090226857175 0.09555643862121599 b'r'
57752.06143894 23.22096043446582 0.16656061939561798 b'r'
57773.04874925 22.97394800771445 0.10274707566265562 b'r'
57981.21907527 22.440274903712123 0.1782004181080481 b'r'
57985.2405862 22.58684784905294 0.08172952320408555 b'r'
57990.24649597 22.601641211562402 0.06865940650845559 b'r'
58007.10116755 22.711497777904988 0.10093837059389443 b'r'
58014.07992524 22.42413352182181 0.09515878524991805 b'r'
58021.06279828 22.41080718091689 0.12029298877413551 b'r'
58036.0212698 22.6085018120034 0.10167317398848041 b'r'
58040.03683264 22.695835542071556 0.10291197223271098 b'r'
58045.01814647 22.601313919103962 0.09760482389470582 b'r'
58052.02096902 22.46571348042503 0.10534676101116958 b'r'
58064.02961975 22.318235863713284 0.06535639863076526 b'r'
58071.04222343 22.43057018641278 0.08221660495327754 b'r'
58077.17172797 22.48977537027566 0.07671365699774668 b'r'
58081.11740517 22.365121320057195 0.07136762376837424 b'r'
58085.11199626 22.378854629114965 0.14098469588952867 b'r'
58093.05593304 22.491099695678663 0.07064186202473621 b'r'
58099.14634009 22.58807743034967 0.10700159419395305 b'r'
58107.10245102 22.668208566562964 0.07816494614336378 b'r'
58117.05926385 22.367252091904618 0.1830127701230353 b'r'
58124.09239515 22.43789688392157 0.09230161428126138 b'r'
58127.05029141 22.658256402922824 0.08959758064447598 b'r'
58134.04372602 22.46632672258984 0.12809553338850677 b'r'
58372.26489375 22.81500455851617 0.08343437346983507 b'r'
58401.04958389 22.831268466270306 0.13640769074060444 b'r'
58431.11063505 23.033545585432076 0.09765801072040148 b'r'
58450.173241935 22.81449331715231 0.07535099170896901 b'r'
56520.24030989 22.60991504726472 0.10032814215048802 b'i'
56538.15165428 22.56746833821545 0.10109169248137562 b'i'
56563.0548115 22.96051526636562 0.12513985074194522 b'i'
56575.01876246 22.749426674968802 0.10813963070403076 b'i'
56590.01550189 22.598865875270423 0.2755092148632876 b'i'
56594.0168534 22.75507537221935 0.127259694769414 b'i'
56602.01768224 22.746649270589483 0.15387638475711896 b'i'
56625.15281594 22.63583262213338 0.1112142370303637 b'i'
56628.03823398 22.674943208416316 0.10474875365524028 b'i'
56645.11198444 22.75188900867252 0.20682162189164544 b'i'
56649.05518252 22.74137418990163 0.10659070540736337 b'i'
56656.05115031 22.794036214287363 0.10172202412066156 b'i'
56667.04998901 22.74908520017512 0.1436472750898261 b'i'
56687.05772012 22.674658744980313 0.19619048923786053 b'i'
56695.03541671 22.77005814130945 0.14747420547363177 b'i'
56887.21538014 22.524533687819236 0.0959213403853525 b'i'
56920.07916962 22.621046428786173 0.1477861906607565 b'i'
56925.16239904 22.561789328787413 0.13057482708431323 b'i'
56949.03184933 22.57033494549232 0.11425193215097808 b'i'
56960.17510419 22.708545691764947 0.12700522803783088 b'i'
56976.20518337 22.587469306791935 0.20849915165580413 b'i'
56980.0418671 22.67819566353468 0.09993732126133281 b'i'
56987.04586573 22.66786933391349 0.13196831097395645 b'i'
56992.05070299 22.474161062431243 0.18172143875408509 b'i'
57002.05452925 22.726203716657537 0.12934379307956334 b'i'
57011.06038809 22.697009802980396 0.09560578160308353 b'i'
57030.0949955 22.801350485239954 0.18919724929306625 b'i'
57037.07822341 22.791251486307733 0.1379750267614952 b'i'
57042.09258269 22.83991364201117 0.17857659015065153 b'i'
57273.3180809 22.304341096616312 0.07154823899951168 b'i'
57278.18983727 22.036129625149794 0.08471485634004594 b'i'
57287.07376989 22.27097557862519 0.11544003632032229 b'i'
57297.04751964 22.133203257397888 0.13007793451482286 b'i'
57305.06849263 22.188623361560126 0.18111245469877346 b'i'
57311.02464546 22.253304348012264 0.10143980322223456 b'i'
57315.16760903 22.09007954425057 0.15803921158165934 b'i'
57325.01394385 22.280117712687943 0.10066495682397658 b'i'
57329.03289402 22.103718908467833 0.10519077290454959 b'i'
57340.0678575 22.2066969096319 0.09348090465726955 b'i'
57347.08084908 22.063587189857184 0.1029169849145255 b'i'
57356.12457718 22.121728824669606 0.07618117934831048 b'i'
57366.04292527 22.147020933594277 0.08206201453970863 b'i'
57373.04001333 22.184457459337413 0.14124465942256492 b'i'
57385.09691707 22.139145601296562 0.11128662647315934 b'i'
57389.06158309 22.05663019059644 0.1072423780252656 b'i'
57396.04888738 22.31480376811922 0.10268027513421885 b'i'
57629.23188798 22.42160678478592 0.08073126416315546 b'i'
57633.22938217 22.538829159574025 0.13681310241138078 b'i'
57637.22154768 22.689601173090878 0.16687306943113356 b'i'
57642.10538322 22.55740980303622 0.11898721430877401 b'i'
57653.07213532 22.470062125519533 0.09704100950959926 b'i'
57657.21275945 22.44608539225559 0.09586925250743406 b'i'
57662.2434126 22.437957620251908 0.08721643202460783 b'i'
57666.03956847 22.628779370697387 0.18884911855464281 b'i'
57671.015795285 22.71654388164391 0.11289861537323753 b'i'
57682.02068858 22.4982930823128 0.1482350705963853 b'i'
57686.0247768 22.52951608171827 0.1747556056053554 b'i'
57694.02918845 22.4319579468367 0.11025144788638741 b'i'
57701.0438402 22.541277732716786 0.11649025211686137 b'i'
57708.06746593 22.725173227673526 0.13601850420315387 b'i'
57714.06133425 22.453276484472745 0.122926436649621 b'i'
57718.0461469 22.532005309305163 0.11257594865896792 b'i'
57719.04972782 22.480391631239893 0.13673986103617963 b'i'
57723.13401308 22.597337363246996 0.12391615495009489 b'i'
57730.05698994 22.410043176223585 0.15860310945680922 b'i'
57747.06092039 22.64966466949026 0.09294646990447575 b'i'
57752.06351042 22.46283176354014 0.10485882233624721 b'i'
57760.05486128 22.569278214827207 0.13451813707979454 b'i'
57781.04130458 22.704652866467672 0.12959338774244245 b'i'
57985.24265882 22.278302167511157 0.06887511528063328 b'i'
57990.24855485 22.163218771210882 0.08218640438146707 b'i'
57998.12894039 22.360655639028742 0.11672040679401263 b'i'
58007.10322993 22.167017071257124 0.09648954339179383 b'i'
58014.08198194 22.20952441028297 0.08546124164841373 b'i'
58021.06486074 22.21160128088137 0.1587785576093097 b'i'
58045.02021191 22.1325717434458 0.09170509969766272 b'i'
58052.02304428 22.201244617145072 0.0925609758229271 b'i'
58057.03103024 22.128745787809443 0.0977659499921053 b'i'
58064.03168229 22.065062616721974 0.06926516641664549 b'i'
58071.04428107 22.065981761867747 0.06981146896777801 b'i'
58076.11147116 22.04641604087053 0.10118450698305281 b'i'
58077.17034433 22.167310049405366 0.09938112177541569 b'i'
58081.11946339 22.341878098750158 0.08013773436346838 b'i'
58107.10453641 22.201601840228722 0.08217212029533627 b'i'
58124.09446162 22.199709532488935 0.07449534110733325 b'i'
58127.05235415 22.176432302885853 0.08654750464657468 b'i'
58134.04579981 22.202072909096117 0.09664063239432252 b'i'
58372.26661119 22.40855844097559 0.0977587425091464 b'i'
58401.05130673 22.299548900547325 0.15057264999433428 b'i'
58431.11235692 22.62781753656855 0.1134609117985157 b'i'
58437.16423701 22.42887630970346 0.12238108386701896 b'i'
58450.18362564 22.389763701500257 0.15979909227020528 b'i'
