MJD_OBS MAG MAG_ERR BAND
56538.36500581 22.891992846738315 0.09473009566810475 b'g'
56552.2712099 22.89619128528121 0.24574838752651118 b'g'
56563.20016983 22.94165129083416 0.08633553691510798 b'g'
56567.21913497 22.785989158791658 0.0759495201420215 b'g'
56575.19140632 22.921567742333337 0.05780188122214014 b'g'
56579.18083529 22.752092678973323 0.11593699135232784 b'g'
56594.13254719 22.688697847236327 0.10415466112998217 b'g'
56602.11855272 22.708106286972995 0.04931744182871611 b'g'
56607.05546812 22.599680869110507 0.11866898051632901 b'g'
56614.07312372 22.94065157822994 0.24495059839157918 b'g'
56625.18253352 22.630579970379717 0.05073982855704173 b'g'
56628.07588396 22.748880568646594 0.06382966143781132 b'g'
56635.12748407 22.571347187648772 0.10208302453469287 b'g'
56645.07767537 22.72590490668989 0.17818466675203126 b'g'
56649.16554831 22.673772996136503 0.13355279407658216 b'g'
56660.08864801 22.71649879064595 0.05568949894144027 b'g'
56667.11602829 22.596642798338596 0.12674425794992672 b'g'
56675.09977377 22.811418875716956 0.252714836499333 b'g'
56681.07941622 22.839695768091296 0.05975935198630218 b'g'
56682.08138688 22.681491508213142 0.05945834922594884 b'g'
56686.12069085 22.87419388179028 0.09455542522663407 b'g'
56693.03433688 22.940763373646746 0.11210335309460362 b'g'
56887.390169 23.331698025630377 0.1522324281296541 b'g'
56904.29548327 23.10175817198279 0.1254853023282685 b'g'
56920.30480615 23.157072491399056 0.09006671794456267 b'g'
56943.22980265 23.12084090550459 0.1633258255035841 b'g'
56949.32326633 23.190033716436616 0.09284189638836793 b'g'
56956.33781113 23.200255163729537 0.19257214627143782 b'g'
56960.27112662 23.364247624664287 0.16676749157252502 b'g'
56980.31666556 23.221474577461166 0.0961833898781208 b'g'
57008.178510219994 23.095486140498423 0.09195247415860236 b'g'
57012.08181561 23.388555751694874 0.09929274896180473 b'g'
57033.16143341 23.19544482986467 0.21708193119657082 b'g'
57278.2333936 23.111262450827752 0.10318693174810534 b'g'
57286.2645957 23.053963128412473 0.14798106607430128 b'g'
57302.31550332 23.017068759880075 0.16102489828873345 b'g'
57304.17748887 23.137015704785334 0.10388817454044386 b'g'
57311.35511167 23.126292376794794 0.08348626950942872 b'g'
57315.22918149 23.02568122748844 0.13310888672150156 b'g'
57325.12005535 22.85781022346156 0.1745430983680336 b'g'
57329.211115 22.885207999922432 0.1069241670337675 b'g'
57332.07440102 23.024063896475056 0.14661734800979787 b'g'
57345.31205107 23.06260253221592 0.10156994408858111 b'g'
57355.23769368 22.85849388345627 0.15424490673860447 b'g'
57365.1824405 22.8408431765916 0.05763724752237209 b'g'
57372.23670977 23.11920435279664 0.1470917565967227 b'g'
57375.04550791 23.140597954229545 0.20554341982683155 b'g'
57385.14843409 22.957300361967153 0.13489082661867968 b'g'
57389.14922658 22.974028791538654 0.12740197769268136 b'g'
57401.13588903 22.945191686745765 0.07135635434558907 b'g'
57425.14638126 23.041536052709272 0.1171054610882365 b'g'
57653.34600752 22.858807201565202 0.2028608820677995 b'g'
57686.1617156 23.035922683669 0.13253837567463123 b'g'
57687.1654518 23.121370623044072 0.13129337870916302 b'g'
57688.09788996 23.1581022619765 0.10932339751375508 b'g'
57695.07827795 22.920427782772283 0.16170681229825234 b'g'
57696.07504499 22.841145855091955 0.12547320289642272 b'g'
57710.03636881 23.023479034181157 0.10522931075711028 b'g'
57715.12542085 22.889708470495904 0.14662864111213025 b'g'
57716.02896821 22.859507491487292 0.161597582878926 b'g'
57717.0273398 23.059517711399582 0.10895453177303338 b'g'
57720.2347366 22.996944621035286 0.14166481252162555 b'g'
57721.05155515 22.814695213459245 0.13315099570952427 b'g'
57729.1548124 22.8413292641401 0.0731691706435008 b'g'
57739.14481422 22.996929354153746 0.19740362483160823 b'g'
57746.1665694 22.96199820448593 0.06729013709875886 b'g'
57751.04292672 23.065571936550782 0.17686868201258577 b'g'
57756.12682377 22.82501282326241 0.07500761627968089 b'g'
57784.09899805 22.795276543826578 0.09661949817020599 b'g'
57800.07624065 22.936022115629704 0.08876572541398176 b'g'
57989.36410602 22.848224122268043 0.1116445889867066 b'g'
58008.33163443 22.828680824789277 0.19735691706712544 b'g'
58019.2077503 23.06493218980453 0.10592152844357017 b'g'
58040.36225047 22.845567121876574 0.12205275172332009 b'g'
58046.14806425 23.076685668384123 0.07571000630077407 b'g'
58053.11762925 23.085429834549743 0.18325530430754 b'g'
58057.31228945 23.025706123755707 0.13229462325138286 b'g'
58071.30504692 22.831626945424183 0.09498647380331704 b'g'
58074.31689501 23.158826170342522 0.1137573728254111 b'g'
58079.13264456 22.94270690091888 0.07753161528003007 b'g'
58108.04774736 23.00967212017433 0.09043789681852843 b'g'
58164.02999595 23.13905683776917 0.10173683858783278 b'g'
58372.30341249 23.663975393343925 0.11178777636063941 b'g'
58431.21013373 23.633835047544043 0.13477345660967188 b'g'
58454.21419914 23.4113616590712 0.09415050800176737 b'g'
56543.312265 23.036089344457174 0.12042531334866523 b'r'
56563.20254059 22.96813005130348 0.09336418627964704 b'r'
56567.2215084 22.991489406358543 0.082516922125901 b'r'
56575.1937485 22.840957101120097 0.07631504957653945 b'r'
56594.13490888 22.874796950052797 0.1101148806296095 b'r'
56602.12090182 22.780863897978627 0.0703233952291491 b'r'
56607.05784487 22.7586336912494 0.1494263986316362 b'r'
56614.07547546 22.78489863944695 0.16369692293902105 b'r'
56628.07824338 22.783827995484778 0.07932296046012866 b'r'
56645.08004464 22.68349624861241 0.18460605864244073 b'r'
56653.08814947 23.069196296992192 0.17020205118642906 b'r'
56660.09100244 22.689992758887765 0.08638638534210587 b'r'
56667.11839324 22.952013115367926 0.1322113453436593 b'r'
56675.1021204 22.834436165007894 0.1494981750005806 b'r'
56681.088741365 22.872283717901734 0.09820626156717016 b'r'
56682.08375046 22.839264823190792 0.10408221598896716 b'r'
56686.12304446 22.837012001967814 0.12269948572495082 b'r'
56693.03669553 23.074790610128645 0.1418303791679243 b'r'
56904.29784908 23.185246581344288 0.16082024822302188 b'r'
56912.34597464 23.23823321304411 0.1652793697940318 b'r'
56920.30714691 23.2372679515548 0.13108039782391145 b'r'
56943.23215048 23.056669074121224 0.14892236499589018 b'r'
56949.32561251 23.136679019009787 0.10855332005007767 b'r'
56960.27348009 23.232995053689443 0.13410984956160377 b'r'
56973.31723038 23.407438274492957 0.19140075721568905 b'r'
56980.31902906 23.201463596145487 0.10673671992300982 b'r'
56988.03176448 23.31094614202805 0.12623350946717338 b'r'
56992.13852869 23.25590813516138 0.21115943853588703 b'r'
57008.11317965 23.257336663563603 0.10373645141783783 b'r'
57012.08416427 23.38027411162485 0.10852312260051278 b'r'
57033.16379708 23.22408524893456 0.13184696270836227 b'r'
57040.17699988 23.312980206589813 0.11523936219123954 b'r'
57047.08871149 23.261181394236566 0.1445748085728198 b'r'
57278.23576047 23.105103495444965 0.11822550947685784 b'r'
57302.31786091 23.179022767763474 0.1959828362106535 b'r'
57304.17985681 23.197012441366017 0.13486182438375494 b'r'
57311.35745587 23.081793669010406 0.1041006372826132 b'r'
57325.12241882 22.92975702559721 0.23362139479856836 b'r'
57332.07675463 23.270984407682583 0.16832538076243253 b'r'
57339.29747271 22.947850783825807 0.14638179517032768 b'r'
57345.31443293 23.19408325156605 0.18402996066555133 b'r'
57355.24003766 23.224216701755875 0.2293899078151469 b'r'
57375.04786822 23.262210077179894 0.17171927255435548 b'r'
57385.15077663 23.126267240711783 0.12896901894018242 b'r'
57389.15157461 23.005832831120912 0.14055124050591417 b'r'
57394.16000502 22.940431169963432 0.14375832265307054 b'r'
57401.13824855 22.92707761347439 0.0983857371585799 b'r'
57425.14873791 23.11877898636738 0.19657602176276612 b'r'
57627.38083444 22.817753352912753 0.21518563768805876 b'r'
57645.24835706 22.808582013127186 0.23717925902239756 b'r'
57653.34834973 23.124382320825955 0.17771570313321305 b'r'
57660.268683 23.171110689997974 0.09775561574447167 b'r'
57686.16407258 22.98047237592731 0.1809022571946528 b'r'
57688.10026597 22.89051621130348 0.15860373041600084 b'r'
57696.07741483 23.00015041988984 0.12830668264351175 b'r'
57710.03873942 22.96057493972782 0.13542073847173697 b'r'
57714.29227507 23.12887252701713 0.179200232466318 b'r'
57715.12777486 22.855647107143334 0.1507786817223291 b'r'
57717.02970265 23.030411002895242 0.1267407935911109 b'r'
57721.05391336 22.87517560669165 0.14555393926431748 b'r'
57722.03828316 23.139436630393025 0.16626646061351738 b'r'
57724.20974884 22.94918012385701 0.12515745430126302 b'r'
57739.14718274 22.992438936432563 0.14861915293803563 b'r'
57746.16891883 22.880230943730233 0.07584980413858489 b'r'
57751.04530831 22.79745812636653 0.1027192212097141 b'r'
57756.12919194 22.990354332342015 0.09771077791474525 b'r'
57770.13694508 23.134186234156846 0.16047847203302368 b'r'
57775.15881585 22.95049678143401 0.10614986472408461 b'r'
57784.10136093 22.944863809382348 0.14113271891474355 b'r'
57989.36646268 22.9276731605553 0.17742541442444804 b'r'
58015.22091767 22.969070049310144 0.1672811870156714 b'r'
58019.21011416 23.073765815723494 0.1498063654430446 b'r'
58046.1504428 22.915643918688616 0.10003510734876286 b'r'
58064.31924248 23.078812143014012 0.2048831542645111 b'r'
58071.3074052 23.011673115948057 0.101111406727874 b'r'
58074.31414887 23.10590638776749 0.13268993809257523 b'r'
58079.13500353 22.948011931251713 0.10872149988238178 b'r'
58084.3020954 23.007568117610006 0.14691384295068843 b'r'
58099.08763403 23.025122764751398 0.09459972917506221 b'r'
58108.05010633 23.047394688718217 0.13856447126782712 b'r'
58117.16158918 23.187348400820305 0.2087135956637951 b'r'
58132.11552748 22.9211839843354 0.1234697308763728 b'r'
58154.09100124 23.13961671119105 0.12142227930916505 b'r'
58431.21185739 23.237537588219638 0.10718023416093558 b'r'
58451.28010178 23.177836032438393 0.13710484749180551 b'r'
56538.36957289 22.745570296604825 0.12152807433849233 b'i'
56543.31432044 22.737772431338193 0.1122358271908297 b'i'
56547.2721053 22.52943227414891 0.09903729523429661 b'i'
56552.27564044 22.711291967624376 0.1280240611928818 b'i'
56559.194929 22.745579599857507 0.13276759449609088 b'i'
56563.2046114 22.549199996859556 0.1402744387827397 b'i'
56567.22358823 22.577372215138453 0.08202343663310785 b'i'
56575.19582406 22.44365207732038 0.07739680321082787 b'i'
56579.18527735 22.44053959693188 0.10596919353130474 b'i'
56594.13698431 22.673854389322692 0.11773475654076647 b'i'
56602.12299932 22.3586480123332 0.07465527500145086 b'i'
56607.059925 22.496736795414453 0.17182396308075099 b'i'
56625.1869701 22.399532184556644 0.08793209171933114 b'i'
56628.08032678 22.541278126035476 0.10860414997416967 b'i'
56645.0821192 22.522507590307026 0.11313047827620082 b'i'
56649.17002509 22.56566668743809 0.1218914362244945 b'i'
56660.09306407 22.410451937229592 0.09247542862157232 b'i'
56667.12046957 22.357830250493336 0.11692344885390327 b'i'
56675.10420704 22.455612754270586 0.12321805723702894 b'i'
56678.12156163 22.44201846963927 0.13837362474350456 b'i'
56682.08582564 22.406126882671053 0.102799695416401 b'i'
56686.12511973 22.599524527458843 0.10375249869383651 b'i'
56887.39460679 22.7728729175697 0.12335845935985645 b'i'
56912.34804767 22.799235255377525 0.134750820960015 b'i'
56927.23941032 22.802841905655107 0.14029378928542968 b'i'
56956.34222427 22.784432667475496 0.14745511057611438 b'i'
56973.31930442 22.87607639861907 0.1277525992098134 b'i'
56980.32108083 22.893245505367897 0.11859690602903329 b'i'
56988.03382439 23.110161663093912 0.15499570071860805 b'i'
56991.15558192 22.9768217584242 0.24164714778061125 b'i'
56992.14060086 22.756203720664338 0.11468311374211027 b'i'
57008.11524608 22.8630074539824 0.15649250871796383 b'i'
57012.0862193 22.874600489691545 0.13223334327663494 b'i'
57019.07453806 22.737894081043954 0.15888838042086206 b'i'
57040.17904937 23.133318681108044 0.13746531111684135 b'i'
57047.09078452 22.998075265738315 0.13871650345754105 b'i'
57061.14672616 22.80633447952893 0.24172894470278905 b'i'
57278.23782446 22.899981401052205 0.15636643180198462 b'i'
57286.25664497 22.974954305377278 0.18342044789578082 b'i'
57304.18193284 22.951056959962525 0.15019674151073303 b'i'
57311.35953462 22.777055195801864 0.12720228012828017 b'i'
57319.15063194 22.838075435469953 0.2084612376078958 b'i'
57332.07883108 22.66167140770754 0.15146668702051258 b'i'
57345.31649792 22.737876326851456 0.17121909178935013 b'i'
57355.24210495 22.707660392349663 0.15478954656279953 b'i'
57365.18686331 22.608836246288675 0.0803369836276957 b'i'
57372.24114583 22.653671713740195 0.161487915549273 b'i'
57375.04994702 22.667748394972605 0.1389861118912421 b'i'
57401.14030687 22.619362790839283 0.11660376065067268 b'i'
57408.06925269 22.646607716658313 0.16345979559623203 b'i'
57425.15080587 22.72987501231262 0.1336800361504622 b'i'
57643.31290958 22.829940465002593 0.1263058344632917 b'i'
57660.27075458 22.60360978840957 0.09569265251737491 b'i'
57667.17051226 22.777535396192587 0.12118051644522154 b'i'
57673.23626578 22.786685423012305 0.135516180953406 b'i'
57681.16750918 22.744086992931436 0.14315532468143743 b'i'
57687.16986 22.558129308207157 0.20185307419686183 b'i'
57688.10233405 22.768947962824832 0.19426079433267773 b'i'
57695.08268646 22.722618568655438 0.20593894321998008 b'i'
57696.07947429 22.78343684027864 0.16054656100862985 b'i'
57703.06159305 22.87997961623205 0.17441241141307273 b'i'
57710.04079936 22.64283370008789 0.14906436528580613 b'i'
57714.29433178 22.769299552103057 0.1735121846331644 b'i'
57721.05599597 22.68552797929771 0.2037896520875222 b'i'
57722.04034336 22.717142327829855 0.197650157159309 b'i'
57723.26412697 22.731542805323123 0.2234601358673487 b'i'
57729.2575333 22.765335903566662 0.18624522865122017 b'i'
57739.14926534 22.70359919619865 0.11971055237446036 b'i'
57746.17099091 22.5972605773554 0.10365508386175648 b'i'
57756.13126504 22.600611168628866 0.09306293272506139 b'i'
57761.07239607 22.59340433371559 0.13594150361609536 b'i'
57770.13901624 22.719426414001525 0.1448208498242174 b'i'
57784.10342478 22.7591019084726 0.12350590441202769 b'i'
57989.36853644 22.686939448099704 0.19108333078974482 b'i'
57996.34128891 22.818029359470454 0.2582184700205765 b'i'
58015.22298036 22.656517108900992 0.17963256323312038 b'i'
58019.21219733 22.68673661805656 0.10244298389592998 b'i'
58029.34694108 22.870332319083595 0.18123022876907413 b'i'
58036.36521525 22.82427765055102 0.12919350487846515 b'i'
58046.15249865 22.72707854354868 0.0958580684106849 b'i'
58053.1220542 22.832617597758524 0.16825647931798215 b'i'
58057.3167383 22.537829778805836 0.09973733774091542 b'i'
58064.3213091 22.61065580988875 0.15054432681144192 b'i'
58071.3094743 22.644359361920564 0.12375052047629254 b'i'
58074.31552369 22.68469945718883 0.15170069022035904 b'i'
58079.13708144 22.88137712183572 0.13311112405924064 b'i'
58099.08969887 22.647916571084814 0.10140069264642548 b'i'
58108.05215904 22.65147141380113 0.08760629662755903 b'i'
58117.16364888 22.65527941302985 0.1368143731460414 b'i'
58124.19054309 22.712216373657192 0.11021545481692385 b'i'
58132.11760092 22.62537214762862 0.09741155500909926 b'i'
58139.04474048 22.824303523378592 0.16233830887943768 b'i'
58143.08684402 22.824414649525632 0.20709123437573496 b'i'
58154.09307475 22.752063201686774 0.12206672650295403 b'i'
58164.03442584 22.853236809415208 0.11504883066135108 b'i'
58372.30685553 22.976917252036493 0.1667008950438884 b'i'
58409.25544741 22.981170596157707 0.1437438323718041 b'i'
58431.21403223 23.079708382816726 0.15074219856899873 b'i'
58439.26560218 22.89922246536628 0.2123273923984925 b'i'
58454.15992131 22.75627489480306 0.1789387018793569 b'i'
