MJD_OBS MAG MAG_ERR BAND
56536.21771549 21.28095074981781 0.05793796080489244 b'g'
56543.23392384 21.52512469231229 0.022048133604386067 b'g'
56547.2540966 21.502365064483428 0.025970357014866607 b'g'
56558.23173908 21.341948693697812 0.06001434015764673 b'g'
56563.17822925 21.42109578453962 0.02413971319193209 b'g'
56567.20569761 21.46319623477524 0.02253430349075458 b'g'
56575.17786064 21.4398198161148 0.019122151607547266 b'g'
56579.16714461 21.457587117416693 0.05612994828536699 b'g'
56590.32613109 21.52736097661083 0.04408483452825835 b'g'
56594.09042268 21.531522187651664 0.04232813436967575 b'g'
56602.10497021 21.533139445866677 0.021660985404810873 b'g'
56609.0545621 21.327389265137498 0.08973273312056307 b'g'
56625.1959828 21.569912639779588 0.020138576169614453 b'g'
56628.06215157 21.51987772638694 0.027035088330130463 b'g'
56635.11392694 21.528936161559933 0.03392205213022592 b'g'
56645.06419484 21.372032722408477 0.06575864433522582 b'g'
56649.14610451 21.514960709315243 0.03599688582171012 b'g'
56653.1608877 21.386440740482712 0.038472645985528686 b'g'
56660.07513418 21.531525804004147 0.022622108392010176 b'g'
56662.15935732 21.58287365176458 0.029762752205414245 b'g'
56667.10260173 21.561371086005245 0.052525889228437705 b'g'
56675.08617447 21.462869710982723 0.07322616520728076 b'g'
56681.1210519 21.56444897881067 0.02449479296437218 b'g'
56685.1713524 21.530338735201305 0.034676946614734305 b'g'
56688.08170166 21.53272896880493 0.04496915794088707 b'g'
56692.04454158 21.511940476411908 0.026310727358936248 b'g'
56698.04636034 21.557604223350385 0.07386129011292297 b'g'
56890.40046293 21.375746494621758 0.03067446299979082 b'g'
56904.28188708 21.361905943481663 0.03616287542687502 b'g'
56920.29132334 21.400481344551732 0.020062520800369302 b'g'
56927.22143981 21.29090164431866 0.021975600018212305 b'g'
56943.17806891 21.293221243579048 0.05083718977955343 b'g'
56949.33679516 21.357491907812083 0.019704301530371286 b'g'
56961.35662189 21.405950479488695 0.02805580566499799 b'g'
56963.24181782 21.409850735886867 0.0682374718330756 b'g'
56973.16835896 21.28175928739521 0.029079887836111595 b'g'
56980.30319818 21.367874629675136 0.01856254258849077 b'g'
56987.30317914 21.31817620630214 0.022719891783488322 b'g'
56992.12251633 21.273101690377395 0.046003711214410714 b'g'
57004.03747526 21.270742266842202 0.038490199192480645 b'g'
57011.08498686 21.31560449417694 0.016712760364985257 b'g'
57017.23774109 21.278229440805664 0.02528864155105026 b'g'
57032.14467783 21.424142871156892 0.04439076106635653 b'g'
57039.11240607 21.313067673747593 0.019955831249042433 b'g'
57044.1690783 21.33006780300995 0.02459782535045818 b'g'
57047.13659428 21.40015629018814 0.029288333234980257 b'g'
57048.14387433 21.381632866439162 0.03893761540338048 b'g'
57051.14446579 21.50300155953733 0.07322976797495073 b'g'
57061.05795964 21.44113904008929 0.07522350100140329 b'g'
57066.04306893 21.47736822187228 0.03685948457981425 b'g'
57067.09630962 21.499264001123095 0.02687581599370148 b'g'
57252.28864835 21.388257697274327 0.03241046808165038 b'g'
57257.30862735 21.382369907443092 0.03111688645081045 b'g'
57276.35358627 21.10377167343535 0.04294616844963173 b'g'
57277.3923674 21.372465660805112 0.023798994958731612 b'g'
57284.33819397 21.365559745007378 0.0498943186731573 b'g'
57297.17351642 21.180402438755447 0.08997807853160822 b'g'
57302.29086134 21.32169418641375 0.02257081488789936 b'g'
57315.26029578 21.21081364232878 0.20191332203443935 b'g'
57317.16955457 21.33415108247972 0.05010842318527153 b'g'
57325.1976479 21.317831365324974 0.05981061570895463 b'g'
57329.22466527 21.21598326071923 0.03528123252623416 b'g'
57331.08940895 21.25875890071347 0.02239263070746844 b'g'
57339.28147696 21.26868261132383 0.024963059035734148 b'g'
57345.32814086 21.19860215907989 0.024519532695293833 b'g'
57356.16758732 21.142482637443294 0.029305778256041748 b'g'
57365.24481522 21.119343736855047 0.014447020100522678 b'g'
57372.22317635 21.09765087624393 0.017704023544158787 b'g'
57387.17849354 21.047083099080037 0.03061392970751342 b'g'
57394.14407831 21.08818067963555 0.021461855992434664 b'g'
57401.143633315005 21.110728550068753 0.013062047399298421 b'g'
57426.14306478 21.216852811101965 0.03430719118218306 b'g'
57627.39194086 21.506156752587113 0.0633247952283682 b'g'
57633.3129667 21.423270870946396 0.022848116904619076 b'g'
57637.33888424 21.428531141507598 0.024285818382310254 b'g'
57645.25947565 21.302968114366635 0.07597413452730706 b'g'
57653.35957072 21.49352383698156 0.04214712125737208 b'g'
57686.1083605 21.26664237305434 0.030608434494293846 b'g'
57694.18416084 21.261277173966885 0.019028494673250407 b'g'
57701.22544988 21.29243942059632 0.030203318065844087 b'g'
57709.09851169 21.18386501356104 0.04789730991910801 b'g'
57718.22372331 21.2007413540576 0.028589707278943166 b'g'
57719.3016817 21.32306005835414 0.030621757950118678 b'g'
57720.04759752 21.2392897369399 0.022013275469515037 b'g'
57725.05790341 21.2403956989554 0.020478474449451056 b'g'
57730.21158574 21.217023645721316 0.040396538979688756 b'g'
57740.1117577 21.27991368946723 0.017003968141725778 b'g'
57747.11302697 21.294108936077826 0.017277588430090418 b'g'
57751.14304731 21.275478737959723 0.021535786406932544 b'g'
57756.18371488 21.289036936993135 0.021244734257873432 b'g'
57770.14806034 21.316350365184384 0.03964447027443185 b'g'
57778.12241555 21.314887590179325 0.025165531992445977 b'g'
57780.12343122 21.340901877979967 0.03674878813648874 b'g'
57784.03392376 21.39579072767713 0.0359239399219895 b'g'
57791.09055343 21.258268101661294 0.058099388691985616 b'g'
57800.09852338 21.403554396765117 0.02739790743780901 b'g'
57994.28826377 21.62673308748655 0.05015310170725229 b'g'
57998.38382034 21.691301669919902 0.037047666801079515 b'g'
58015.20507044 21.636929136095894 0.06296232008888936 b'g'
58019.19424295 21.64182717027262 0.029718381819606066 b'g'
58036.19930793 22.011771352935718 0.07920685799831872 b'g'
58041.12845238 21.866511143169745 0.04923375333626012 b'g'
58047.15518059 21.73895094931722 0.05094089497691101 b'g'
58057.32580566 21.792560846175427 0.028111341445590913 b'g'
58071.2915657 21.650873085189215 0.028907095561386598 b'g'
58076.32177642 21.651594919532403 0.03181706769772674 b'g'
58082.25248828 21.680900362809684 0.02995031214030064 b'g'
58083.30393954 21.656687458348575 0.03504146812293385 b'g'
58093.1717763 21.963920936058784 0.0920362390452425 b'g'
58099.18430171 21.704389222544858 0.03028049125869714 b'g'
58108.06129867 21.693530903377862 0.024512439724166057 b'g'
58117.1726358 21.98032147347191 0.0954002968685046 b'g'
58125.10689245 21.732456054025185 0.022360313985281266 b'g'
58132.12663605 21.75460664439095 0.03147982534791538 b'g'
58139.05381095 21.701202943330788 0.03318591288413231 b'g'
58154.10211232 21.642927690085564 0.03444310148369922 b'g'
58164.04339107 21.730765214813044 0.030953550876297697 b'g'
58167.02629725 21.813675454730344 0.040117792611347625 b'g'
58372.30961464 21.40884288364728 0.020442294822419882 b'g'
58409.24582724 21.48013978532242 0.03997841588745388 b'g'
58431.21686803 21.65670187444121 0.026748186438851462 b'g'
58454.21803744 21.615884490602575 0.02093072077647058 b'g'
56536.22852439 21.272455039377956 0.04980395614109767 b'r'
56543.23627633 21.319408934604006 0.027289626091231867 b'r'
56547.25646631 21.323160313681612 0.030352767180040985 b'r'
56551.21848862 21.54969141387483 0.0855220037506399 b'r'
56558.23410347 21.326462210248252 0.05146237274335874 b'r'
56563.18061138 21.33494331451073 0.029915155149854652 b'r'
56567.20807026 21.277528364043462 0.026116183461777354 b'r'
56575.18022054 21.279454840213567 0.022506177164178354 b'r'
56579.16949113 21.33919467872838 0.04370214598040434 b'r'
56590.32967491 21.20800882106411 0.07993177878028135 b'r'
56594.0927833 21.469010274014035 0.05229887884116735 b'r'
56602.10735318 21.311632305303874 0.023596727906451065 b'r'
56609.05691929 21.41384023758223 0.055284418371943644 b'r'
56625.19833613 21.27743700576891 0.02370741817776434 b'r'
56628.06455272 21.358059492265927 0.029304402857899703 b'r'
56635.11633043 21.29084452599755 0.030826293551484696 b'r'
56645.06655585 21.27139235835689 0.045088551028413804 b'r'
56649.1484549 21.327617219373806 0.033017387051842206 b'r'
56653.16324706 21.375118082857956 0.037470720347709374 b'r'
56660.07749426 21.392002276742968 0.025505274403297307 b'r'
56662.16074324 21.409081127092684 0.03165476032252812 b'r'
56667.10497427 21.478836772319085 0.04987795983215193 b'r'
56675.08852958 21.341844284512838 0.06289787029968252 b'r'
56681.12341779 21.372035851318042 0.027955421086112153 b'r'
56685.13051613 21.444603388731796 0.027675904862208337 b'r'
56692.04690531 21.336206545475633 0.028246672188693367 b'r'
56698.04872388 21.343601940599747 0.04904454878439424 b'r'
56890.40280836 21.177479326862716 0.03650251059623244 b'r'
56904.28425468 21.19305312816313 0.029366304518397612 b'r'
56912.35961463 21.156191010645312 0.04283642215480299 b'r'
56920.2936612 21.209311241882475 0.021506751172587713 b'r'
56927.22378116 21.201513840451916 0.025469611919341162 b'r'
56943.18042251 21.113884438366874 0.034202903366924886 b'r'
56949.33915612 21.264567142964484 0.025855839856482987 b'r'
56961.35896636 21.124214186254257 0.031404347276293265 b'r'
56963.2441752 21.113349688117935 0.06332013025151184 b'r'
56973.17069971 21.14315189801143 0.02700923728599136 b'r'
56980.30555096 21.153392244644465 0.02313008613362655 b'r'
56987.3055427 21.20745689767975 0.027785688395869812 b'r'
56992.1248655 21.155967389197095 0.038735585622248436 b'r'
57001.29018592 21.0221245969919 0.08046904869438976 b'r'
57004.03982455 21.169013603587228 0.0645821327289795 b'r'
57011.08733511 21.182557902452103 0.019348443229006307 b'r'
57017.24008041 21.152908565564893 0.026839457698812907 b'r'
57025.07410158 21.131560526160126 0.05704450400503447 b'r'
57032.14703043 21.252761240344398 0.037087647966291826 b'r'
57039.1147523 21.169472232237197 0.02226483073458496 b'r'
57043.15701648 21.196680428992988 0.03046330049964041 b'r'
57044.17142788 21.242568636044506 0.027769461187443056 b'r'
57048.14522481 21.16660814211181 0.03414372093364548 b'r'
57051.14682505 21.232783940102994 0.045920215401707765 b'r'
57066.04542053 21.27353846095086 0.04406344190762823 b'r'
57067.09866325 21.29716538540712 0.03104746578417661 b'r'
57252.29100616 21.292814738527277 0.036053428202905025 b'r'
57256.28060739 21.17212289097954 0.048992374452367926 b'r'
57257.31097726 21.16347820904162 0.03560177997913172 b'r'
57276.35593957 21.212620200572854 0.04046028154492731 b'r'
57277.39472461 21.239714106277372 0.02673824352800125 b'r'
57284.34055589 21.249416404908324 0.04906741695659278 b'r'
57302.29322562 21.201865950347738 0.02881960291980334 b'r'
57311.25860584 21.242213323901346 0.027031154757732878 b'r'
57317.17190278 21.280161237639074 0.04016985814756069 b'r'
57325.20000313 21.122171005890696 0.05271944045066235 b'r'
57329.22701758 21.156143562439887 0.032988633805238976 b'r'
57331.09176326 21.163398893129184 0.029660454309112797 b'r'
57339.28384277 21.19859881338305 0.027846841633333952 b'r'
57345.33050718 21.15027665355266 0.0314001962350936 b'r'
57349.30119759 21.11479457433618 0.06465804132422548 b'r'
57356.16995831 21.03158427980936 0.025391790085222965 b'r'
57365.24717591 21.022698074144607 0.01585909215728165 b'r'
57372.2255289 21.009930187603413 0.02406410953954108 b'r'
57387.18087468 20.989241044206825 0.02580762535421499 b'r'
57394.14642884 21.034814157747604 0.026200551642375558 b'r'
57401.143450395 20.973264688138705 0.01359924322583634 b'r'
57426.14542296 21.117198243255444 0.03510531963084773 b'r'
57633.31533777 21.25734638691201 0.03290678024811555 b'r'
57637.34123452 21.25358476698456 0.029451900882797588 b'r'
57643.22036964 21.315491471238804 0.07089335390902463 b'r'
57645.26184064 21.3214510367444 0.05793887793373642 b'r'
57653.36192865 21.303778987925938 0.03445304060717547 b'r'
57660.28210229 21.33272359165837 0.025614146018209993 b'r'
57683.11026214 21.107239935791434 0.05165452815757021 b'r'
57686.11071095 21.01345461746847 0.043304228985402204 b'r'
57694.18651908 21.06875168830847 0.02376622770134773 b'r'
57701.22781078 21.152445210382478 0.02695649303747061 b'r'
57709.10087362 21.203434879382133 0.046302545209186974 b'r'
57714.26300294 21.060391089744797 0.03384558093779333 b'r'
57718.22608079 21.055583593248983 0.02431280572763228 b'r'
57719.30029224 21.158149490775923 0.030840435820547185 b'r'
57720.04996186 20.997942982851033 0.02487052251473898 b'r'
57725.0602628 21.066574323864753 0.02317981222169152 b'r'
57730.21395405 21.11844113039362 0.03629425805128861 b'r'
57740.11411672 21.090160679462837 0.019277663733607397 b'r'
57747.11538251 21.145192448579163 0.020352518307266365 b'r'
57751.14539323 21.159654286188683 0.023932023019902715 b'r'
57756.18607481 21.15935782718089 0.024662346708744565 b'r'
57761.05683936 21.101482733108536 0.05270586906523178 b'r'
57770.15043224 21.098998439567502 0.03180254410826677 b'r'
57778.12476699 21.135729374103377 0.025736186745866974 b'r'
57780.12790139 21.206701624326985 0.03837357928359708 b'r'
57784.03628474 21.102932235308696 0.02732271107431572 b'r'
57791.09290946 21.027810613618133 0.04326564946735445 b'r'
57800.10087684 21.156844263031374 0.031695187816151105 b'r'
57989.35291629 21.674068222151355 0.139796323132515 b'r'
57994.29062092 21.433222971740932 0.04581783502413472 b'r'
57998.3861706 21.364778976861764 0.05241292080996729 b'r'
58008.34750762 21.583360539844488 0.07320449747742686 b'r'
58015.2074189 21.366362246759316 0.05374319397800065 b'r'
58019.19660002 21.436359802905702 0.03405722949366208 b'r'
58028.16593675 21.47288052871386 0.08905659428954138 b'r'
58029.16396385 21.51384787539841 0.08660125655011797 b'r'
58036.20165411 21.51682149029875 0.05503288131446382 b'r'
58041.13080362 21.71217803810528 0.056568597271507315 b'r'
58047.15753932 21.596877929921927 0.04306114785729065 b'r'
58054.0966683 21.607771612242324 0.07497570983456114 b'r'
58057.32816729 21.532130949982527 0.03389643405895271 b'r'
58064.30564106 21.627239202956318 0.0974654919856981 b'r'
58071.29391713 21.552276179173358 0.03151542956084441 b'r'
58076.3241358 21.536053449743807 0.03473610648655523 b'r'
58082.25483476 21.537767588373264 0.03196064989701597 b'r'
58083.3011728 21.481120893020044 0.03735136791404159 b'r'
58086.06423539 21.41118160115363 0.06913076715232691 b'r'
58093.17413057 21.59157231855439 0.0620515297402342 b'r'
58099.18664813 21.543402120479925 0.04393883487347594 b'r'
58108.06365219 21.45942833756834 0.025287359198848947 b'r'
58117.17499099 21.699513788447764 0.0687907436091244 b'r'
58125.10924068 21.596048757208685 0.024504762169158312 b'r'
58132.12897793 21.500819485003685 0.029995149363870155 b'r'
58143.09832684 21.6636254855325 0.06185100678796474 b'r'
58154.10446386 21.418759730377538 0.03602680195294994 b'r'
58164.04575884 21.52118209760161 0.033416108741676 b'r'
58167.02865588 21.493937629459413 0.03451522879509028 b'r'
58372.31133012 21.209492887882853 0.023877869170679134 b'r'
58409.24754778 21.261428509021492 0.0332204926398596 b'r'
58431.21858805 21.413211496019798 0.026690885307029788 b'r'
58451.28147732 21.374409918860238 0.038689092195266284 b'r'
58454.16448457 21.35655398082439 0.02677867811511092 b'r'
56536.23061446 21.023226776217637 0.04155065171990202 b'i'
56543.23835125 20.950716835806485 0.032719519489386784 b'i'
56547.25854235 21.038754862213402 0.02951561938362346 b'i'
56551.22056056 21.089401662144137 0.054118087037000606 b'i'
56558.23616742 21.013489412353884 0.04468356122784911 b'i'
56563.18270896 21.03625166764368 0.031141118445454197 b'i'
56567.21015482 20.983929961613 0.02717827242881654 b'i'
56575.18229681 20.95990973161388 0.0256740446462409 b'i'
56579.1715932 21.108259983622986 0.04190362711228346 b'i'
56590.33176305 20.98528177087003 0.05955222609793509 b'i'
56594.09485378 21.01641966867961 0.04916334562042124 b'i'
56602.10943341 21.008936145099156 0.029114050243496337 b'i'
56609.05898399 20.96147723458671 0.042642749818156744 b'i'
56625.20043026 21.047711282134706 0.029473797348636314 b'i'
56628.06663568 21.057428008458817 0.0323377507533138 b'i'
56635.11841092 21.031439533590902 0.03562389311329284 b'i'
56645.06863449 21.019980534062764 0.03968800934696404 b'i'
56649.15052989 21.009574320475444 0.034970094605284885 b'i'
56653.16535252 21.01418872585125 0.045222298401583316 b'i'
56660.07956948 20.98339800926275 0.02988210047271167 b'i'
56662.16212529 20.973917321193582 0.041450088943154384 b'i'
56667.10703168 21.079711433642153 0.04450199534823085 b'i'
56675.09060842 21.077889843417548 0.050769813089175386 b'i'
56679.13599778 21.047032382413796 0.04198424029537762 b'i'
56681.12549262 21.04348751240922 0.031066020532726668 b'i'
56685.17580457 21.12765331640705 0.04954503769972973 b'i'
56692.04898525 21.114988824879408 0.034326056564843554 b'i'
56698.05079897 21.148407649474525 0.044430567455194137 b'i'
56890.40488797 20.848260354391922 0.038749056408832416 b'i'
56904.28631451 20.94113570130914 0.03083128325027573 b'i'
56912.3616854 20.90603520043954 0.03951968980456044 b'i'
56920.29571385 20.97182950656152 0.022521114342545445 b'i'
56927.22583801 20.967980881972153 0.029208612602857897 b'i'
56943.18247652 20.951930849230365 0.031489424214804274 b'i'
56949.3412186 20.923115770988815 0.02579843521007774 b'i'
56961.36102701 20.885184831774314 0.039307141655967825 b'i'
56963.24623975 21.041496198675592 0.06407031560875609 b'i'
56973.17275052 20.913291427284513 0.02697559154106699 b'i'
56980.30759943 20.975822064107643 0.02796300611995406 b'i'
56987.30759967 20.902746077754653 0.03425441384209904 b'i'
56992.12692191 20.945811171300313 0.03602854294819835 b'i'
57004.04189638 20.90712881378723 0.061779567410255254 b'i'
57011.08938688 20.87752804715895 0.024605861830028886 b'i'
57017.24212748 20.874389179299715 0.03421483894110011 b'i'
57025.07616703 20.96053495673573 0.04408673326252455 b'i'
57032.14908074 20.95712715570415 0.03322780351231103 b'i'
57039.11680165 20.908571459447266 0.02691032762962209 b'i'
57043.15565673 20.941930343968448 0.052762166766573415 b'i'
57044.17348742 20.901310431231728 0.030391522514033653 b'i'
57048.142514 20.955703641439655 0.03855477545141639 b'i'
57051.14889043 20.950451292740727 0.04507641782657146 b'i'
57066.04747965 20.94934085283502 0.03821696371851857 b'i'
57067.10072014 20.990980111026605 0.035972218146980595 b'i'
57252.29306571 20.834823234809754 0.03947875280923796 b'i'
57257.31303659 20.943853063315313 0.04045597176164506 b'i'
57266.27466387 20.993243665518072 0.05407380722503419 b'i'
57276.35801351 20.936452935219286 0.03551237143614472 b'i'
57277.39678585 20.990252546009202 0.031249482245929272 b'i'
57284.34262624 21.004158186885533 0.067522984563265 b'i'
57288.21487377 20.997928185163698 0.05023030696198205 b'i'
57297.17794468 20.96243389501393 0.07860994822068434 b'i'
57302.29527904 20.932606371215595 0.03072697122044943 b'i'
57311.26065908 20.905526627859686 0.022941003713313535 b'i'
57317.17396219 20.996108845512033 0.03705735363439189 b'i'
57329.22908256 20.965266359402452 0.03667845249674784 b'i'
57331.09382544 20.870386716816242 0.035582376962558726 b'i'
57339.28590355 20.848661599353857 0.039400004479070105 b'i'
57345.33256015 20.835636442125022 0.03381214535900767 b'i'
57349.30326529 20.836137953746356 0.05272920518821067 b'i'
57356.17201462 20.83097434800628 0.025424355488361527 b'i'
57365.2492324 20.829086367755757 0.01787330607652038 b'i'
57372.22759717 20.83486911795615 0.04470099095523494 b'i'
57379.07768711 20.86203822983847 0.038709116454541004 b'i'
57387.1829511 20.815604313553777 0.02874745657044997 b'i'
57394.14848958 20.84064963290342 0.03913637986033791 b'i'
57401.145164205 20.791045145354815 0.017967557681131518 b'i'
57408.08280827 20.923533213488017 0.04204652981949053 b'i'
57627.39636965 20.999880716014765 0.04178397074059603 b'i'
57633.31739419 20.988036714602064 0.031117896835322508 b'i'
57637.34329057 21.03449813753989 0.034488602950485614 b'i'
57645.26389529 21.068820552171537 0.043073832466703266 b'i'
57653.36400058 20.961611378612417 0.030935990050995347 b'i'
57660.28415548 21.03341402571649 0.026878585175094116 b'i'
57667.1571489 20.919623154120004 0.030344798076630042 b'i'
57683.1123188 20.848960935578138 0.06482898241713286 b'i'
57694.18859099 20.73353671274049 0.03744675983097423 b'i'
57701.22988739 20.865872766407918 0.031047226795895003 b'i'
57709.10292831 20.9157129965139 0.035919236438605395 b'i'
57714.26506913 20.799139954193237 0.037007091281392235 b'i'
57718.22813406 20.85766178204319 0.03099358193074053 b'i'
57719.29889467 20.927608690327617 0.04162149731125098 b'i'
57720.05201419 20.703203348009872 0.0328538503484026 b'i'
57725.06231605 20.675691153562198 0.039905103332525727 b'i'
57730.21602587 20.754522774857293 0.05144944857877931 b'i'
57740.1161914 20.87231937404721 0.021788262337089748 b'i'
57747.11744105 20.872712133234486 0.026385806145547974 b'i'
57751.14747916 20.920900263281812 0.03330618847421363 b'i'
57756.18814207 20.868961933080367 0.030929314977466756 b'i'
57761.05891143 20.856396083061156 0.04618439560180576 b'i'
57770.15249749 20.86524121269082 0.032870019292637664 b'i'
57778.1268271 20.888378424241587 0.030549646251934348 b'i'
57784.0383489 20.866009240467807 0.027210216213497063 b'i'
57791.09496903 20.96543187747037 0.039380346302621654 b'i'
57800.10293947 20.962024728917722 0.03467451567033564 b'i'
57989.35497759 21.213602010061543 0.08293773961764828 b'i'
57994.29267966 21.19240701126906 0.05022228225461589 b'i'
57998.38823931 21.098710485939456 0.04586600972392674 b'i'
58007.26180739 21.289258149523967 0.05814821288896965 b'i'
58008.34957382 21.067563673224758 0.048569837963817974 b'i'
58019.19865948 21.115195527887153 0.03550690051577021 b'i'
58028.16799669 21.076914049078212 0.07442323171366638 b'i'
58029.16603368 21.229250659146796 0.06579654057492235 b'i'
58036.20371678 21.185888770261098 0.04306267556795618 b'i'
58041.13286768 21.22617562665558 0.05203520795735983 b'i'
58047.15959462 21.220936313958923 0.0421213262632385 b'i'
58054.09874267 21.252851631285534 0.0792664871250004 b'i'
58057.33022086 21.175660712752865 0.03702846946615068 b'i'
58064.30772091 21.300995762583344 0.06113194904116526 b'i'
58071.29598114 21.127455830545557 0.036480564669073345 b'i'
58076.3262179 21.14214847883248 0.03969732822936933 b'i'
58082.25689824 21.1131931520925 0.0373953616283913 b'i'
58083.30256152 21.170538434065378 0.04912160778573593 b'i'
58086.06631332 21.082969526817838 0.05508697515157124 b'i'
58093.17619909 21.151208484936753 0.046842703533847896 b'i'
58099.18872284 21.12560052944163 0.04855940593930086 b'i'
58108.06571276 21.160774343586397 0.028578688660310547 b'i'
58125.11129582 21.135041552418194 0.026724289751065555 b'i'
58132.13103599 21.241224028037472 0.034063980603587396 b'i'
58139.05822103 21.129238179709915 0.029763184589899794 b'i'
58143.10039039 21.310651377509444 0.048725203733805955 b'i'
58154.10653049 21.222311406114642 0.04132616904868769 b'i'
58164.04781813 21.122175117904224 0.03226796152894096 b'i'
58167.03072636 21.142518908218854 0.03620101352099425 b'i'
58372.31304879 21.00078724392686 0.03272904186156822 b'i'
58409.24927232 20.921286025383065 0.03346622756778217 b'i'
58431.22032155 21.031333930826747 0.032620993564759004 b'i'
58448.29162486 21.045872102315297 0.05155129107717826 b'i'
58454.16621357 21.047841397819077 0.03599604719616423 b'i'
