MJD_OBS MAG MAG_ERR BAND
56538.38238151 23.194644644272103 0.0953558858327952 b'g'
56543.32420838 23.09100962558393 0.09085487850491347 b'g'
56563.25934422 23.138811581207314 0.09622104752316218 b'g'
56575.13618194 22.94517976576428 0.10472378854896647 b'g'
56591.07673569 23.024182965175527 0.15896252885644202 b'g'
56615.02282821 22.84057049730086 0.2198068568376783 b'g'
56627.0504108 22.929971572090665 0.07195798335094139 b'g'
56653.07161586 23.166267114178435 0.16626385162520307 b'g'
56660.11635959 23.171067604005255 0.14096155142192757 b'g'
56676.04381974 22.993381007962817 0.14172488748116763 b'g'
56691.05928483 23.01377011517154 0.10081323946671716 b'g'
56890.25832254 22.703161616238553 0.10846243467366179 b'g'
56915.19020835 22.757853361553035 0.14240129338905305 b'g'
56924.16627855 22.825944994945182 0.0745017938829804 b'g'
56949.09876305 22.804759347973544 0.11023195287532772 b'g'
56956.08025971 22.704657934750003 0.08869580862104698 b'g'
56959.29671043 22.86828886097261 0.09938032396628316 b'g'
56960.19806939 22.82532719127312 0.0813583057098839 b'g'
56973.03529539 22.7764366067707 0.08891911803831931 b'g'
56980.05207854 22.57080785939418 0.054495217897265746 b'g'
56987.05707066 22.538070038436704 0.06306769799423506 b'g'
57001.03690191 22.583414227997146 0.09566372973147352 b'g'
57014.0420896 22.63169930081127 0.08188311186354724 b'g'
57018.08518319 22.611066582524515 0.08885618621919278 b'g'
57030.10517182 22.74545833472055 0.13422637773111035 b'g'
57037.08832956 22.494397296396716 0.06944351738993504 b'g'
57051.05060675 22.752569162560384 0.15280457502966271 b'g'
57252.26714204 23.14460426300923 0.11856602609007894 b'g'
57257.25388692 23.201350506903978 0.16588928930075042 b'g'
57276.36814618 23.13026719289444 0.1553590342497806 b'g'
57278.20310269 23.068174526685507 0.09448146578131045 b'g'
57319.27608074 23.05635896812843 0.2512101602808485 b'g'
57329.05713879 22.979025736448836 0.12139761323000542 b'g'
57365.05149415 23.16494307328516 0.13625523707723985 b'g'
57372.04609944 22.972387569564436 0.10759071339332138 b'g'
57388.04220793 22.95516603948829 0.11062802537261973 b'g'
57615.41002091 23.818480205644477 0.1330652507543526 b'g'
57629.24187641 23.53401692420181 0.19860478041103136 b'g'
57653.16928072 23.73613026286184 0.1894766621927637 b'g'
57662.32108764 23.711687586621526 0.19513372840613386 b'g'
57664.24671522 23.864484643418628 0.23928342445522688 b'g'
57694.05871022 23.87745312624176 0.20554151371890583 b'g'
57701.05401035 23.72230436335914 0.265236631235112 b'g'
57709.02125654 23.689677378681445 0.17659294334613662 b'g'
57728.03190924 23.771761175114037 0.30587866300852085 b'g'
57744.04876581 23.67429621967113 0.16390809317753252 b'g'
57781.0515702 23.713902751845776 0.16617367490671597 b'g'
57986.28715487 23.62951872041674 0.12567205790775304 b'g'
57990.38766886 23.67028739772941 0.1605539901727724 b'g'
58015.17763849 23.749810876352992 0.14668704823964873 b'g'
58019.16681426 23.78423465652896 0.20928627662613764 b'g'
58040.13444974 23.808303018315335 0.17267424771183215 b'g'
58044.31263406 23.68615723358728 0.17490990204101564 b'g'
58080.11868704 23.591757135783176 0.19295449989466817 b'g'
58082.06172206 23.64121413219946 0.22618398219706745 b'g'
58092.03420983 23.63854712870477 0.1666008228465401 b'g'
58109.04267793 23.504701134645714 0.1567659051614605 b'g'
58122.08691705 23.818318888676558 0.30084127547742767 b'g'
58372.27093379 23.051072625238643 0.08619831235973763 b'g'
58401.21836592 23.20756261668405 0.13584010563970494 b'g'
58431.15078333 23.42628280690436 0.1488716770510834 b'g'
58451.15486672 23.064902175989005 0.1214171703621112 b'g'
56538.38474588 22.881273949489305 0.1679633013670916 b'r'
56543.32657339 23.04169268240796 0.11527133000516798 b'r'
56547.21482617 23.147453867924224 0.17397666942865087 b'r'
56563.26171155 22.91950248655874 0.09888050672760329 b'r'
56567.15970321 22.867332217550086 0.21631965574360024 b'r'
56575.138534 23.042083399873455 0.10240174056561102 b'r'
56591.07910817 22.82006997225998 0.16713178283457708 b'r'
56615.02521912 23.01286192636708 0.23839780489243623 b'r'
56618.03277951 22.83305117308057 0.09354010704463533 b'r'
56627.05277203 23.04005838127418 0.08463410998534826 b'r'
56635.0565817 22.903409999911084 0.1724294468415124 b'r'
56660.118724 22.935366411139043 0.15461905316808355 b'r'
56667.13252483 22.8552439707403 0.22636104943649826 b'r'
56890.26067555 22.92909722746483 0.14892507340546857 b'r'
56903.22543507 22.72076621220038 0.14133379888864184 b'r'
56915.19255045 22.9022512989849 0.17039675977891378 b'r'
56931.14960205 22.71184959389172 0.15745886914854168 b'r'
56943.11947787 22.885360771307276 0.11528479126242175 b'r'
56953.30664655 22.808828313576154 0.12717934935654895 b'r'
56956.08259923 22.79611780113246 0.09428348745879589 b'r'
56960.20040835 22.889077590483247 0.09376208075631709 b'r'
56973.03765942 22.77602777470283 0.1021311351398424 b'r'
56987.05941459 22.660904977568787 0.08670964917416057 b'r'
57001.03925288 22.735412698870306 0.08485733442878285 b'r'
57004.15544787 22.785042344092616 0.17480076567757408 b'r'
57005.03707022 22.646495497546688 0.08715117400947392 b'r'
57012.0425072 22.676280768421876 0.1930041511960212 b'r'
57014.04443045 22.587917638699565 0.08723045800474694 b'r'
57018.08753764 22.58557924561382 0.11237922304645664 b'r'
57025.08835225 22.721539625302015 0.20330932305752825 b'r'
57030.10750866 22.68264692458357 0.1256873995545682 b'r'
57037.0906832 22.708125488844914 0.0800106864326331 b'r'
57044.061157 22.686266386357254 0.10063551133554682 b'r'
57248.42110592 23.336322082325704 0.21090670833316238 b'r'
57252.26949544 23.373128426796505 0.1387410030004652 b'r'
57286.21288921 23.032504640098438 0.16966718571690365 b'r'
57305.28122579 23.079086962784725 0.12102162500668 b'r'
57311.10883288 23.351257203686874 0.1804771059264887 b'r'
57365.05387893 23.194519108305588 0.16438453001798337 b'r'
57372.04844684 23.03921397884657 0.11227532108551586 b'r'
57379.06081817 23.2116777816819 0.2835911424828055 b'r'
57395.0959186 23.33471614227625 0.16732602706601085 b'r'
57402.05081232 23.392036989730645 0.14052494973558538 b'r'
57615.41237502 23.891381537572677 0.24606419657478537 b'r'
57629.24422402 23.692629597418495 0.2488204427561804 b'r'
57633.34673183 23.96047520462941 0.24170232000474812 b'r'
57653.17163356 23.713770043904862 0.16561741129370589 b'r'
57662.32344632 23.728704481456358 0.15661290631156177 b'r'
57669.10080909 23.90137139834546 0.21134022430910449 b'r'
57688.21075176 23.899524803845686 0.2776961387823249 b'r'
57694.06107737 23.602005258320332 0.19784060622040656 b'r'
57722.05228349 23.967556023289845 0.21146433523599484 b'r'
57728.03426844 23.95684736932559 0.26133322566834494 b'r'
57739.10361009 23.667562738380596 0.23730927877117836 b'r'
57744.05113402 23.848720803845012 0.2072305105206418 b'r'
57750.0435877 23.704337577750827 0.2267740014153823 b'r'
57773.06318099 23.739084558843697 0.1589585629634911 b'r'
57990.39002567 23.55918254098071 0.16821415185440358 b'r'
57994.33377077 23.50715085398185 0.15330167733853273 b'r'
58015.17999098 23.352303831022418 0.13507565499388718 b'r'
58036.12475745 23.57998247999743 0.2718861042629186 b'r'
58052.08055503 23.42468149810171 0.23698638281143403 b'r'
58072.1894978 23.574647327893175 0.25447052331406184 b'r'
58080.11596677 23.567643606670448 0.17534138703772228 b'r'
58082.06407594 23.600425820860373 0.22645082998037222 b'r'
58092.03656647 23.319072119071343 0.22341925957616482 b'r'
58097.05181195 23.252169672909638 0.1248262906687927 b'r'
58101.04592664 23.28768141867666 0.1712221861803478 b'r'
58109.04503088 23.386447704821705 0.14164681764788156 b'r'
58113.05185511 23.595144796820726 0.16392099474143862 b'r'
58129.04515275 23.333112188688602 0.14584183315981747 b'r'
58136.04276559 23.2464734020847 0.19982970210912043 b'r'
58372.27266776 22.920094932566556 0.09214329722913561 b'r'
58451.15660135 23.018069625391433 0.10408182579300984 b'r'
56543.32863641 22.856066377732652 0.1304299620601448 b'i'
56547.21689281 22.589481507636393 0.12503431186734915 b'i'
56563.26377824 22.657466876721493 0.1438803176256549 b'i'
56575.14061235 22.8084485391998 0.10138569503920536 b'i'
56579.12982777 22.753269616422624 0.12641789417644844 b'i'
56591.08118458 22.822459967799297 0.12528161596014797 b'i'
56602.06768766 22.702255023639754 0.09237081286388005 b'i'
56627.05492653 22.658754137707714 0.08458647429449684 b'i'
56635.05865642 22.714655486396914 0.16773836754102686 b'i'
56642.11854226 22.737558648791456 0.242294404658157 b'i'
56648.14983354 22.589357312804918 0.12277708783488706 b'i'
56653.07605169 22.86919083975034 0.2132686704071176 b'i'
56660.12079918 22.870164642606863 0.1276680703019224 b'i'
56667.13462023 22.882361522173944 0.1740602517602454 b'i'
56676.04823994 22.81773021009182 0.12126415607838935 b'i'
56683.05748457 22.52887979123827 0.14323791136485653 b'i'
56691.06373326 22.841448198183382 0.1304616332441455 b'i'
56698.03550971 22.900423939679474 0.22216403197948154 b'i'
56890.26273497 22.67017446438428 0.1435682159030378 b'i'
56903.22750079 22.518130318542365 0.17585541488085354 b'i'
56915.1945981 22.65891799225824 0.18031393236865512 b'i'
56924.1706871 22.66368980902967 0.11959370355469191 b'i'
56931.15167401 22.468062710309685 0.11359480802300226 b'i'
56932.34614405 22.44680922230493 0.18865776478495633 b'i'
56943.12154942 22.515120453326045 0.1329330615825164 b'i'
56949.10318721 22.612149487853163 0.13084285675905605 b'i'
56956.08466921 22.588416544827204 0.1192614434091297 b'i'
56960.20247927 22.601835881694686 0.09435607540165591 b'i'
56973.03972122 22.49079569610129 0.10133498982321143 b'i'
56980.05648952 22.464286313895368 0.09783047503238151 b'i'
56990.06181489 22.442511703174908 0.20835004183104644 b'i'
57001.0413269 22.323664447289673 0.083056366032082 b'i'
57005.03915546 22.398970540720295 0.09194711614120621 b'i'
57012.0445703 22.603526169920386 0.22664350015326207 b'i'
57014.04649035 22.396718228615647 0.10423545611306295 b'i'
57018.08960238 22.371967321546176 0.09763217997603846 b'i'
57030.10955529 22.334820819766822 0.10009866126744527 b'i'
57037.09274362 22.411505113915265 0.09652783789322683 b'i'
57044.06321325 22.504947833552283 0.1490503853489571 b'i'
57051.05499436 22.33970263957375 0.11010198107750567 b'i'
57252.27156417 22.58141609639008 0.16475167611809383 b'i'
57257.25830747 22.926363577728797 0.19602298567420462 b'i'
57276.37257856 22.8165546831132 0.17511498077326948 b'i'
57278.20752794 22.677752457243578 0.13621596420950155 b'i'
57286.21498469 22.75806977633939 0.16207649348476139 b'i'
57305.28329326 22.677028576286844 0.10407863588369537 b'i'
57315.18277185 22.89212853376796 0.14882171309606207 b'i'
57365.05594386 22.729495108538117 0.13434733492407602 b'i'
57379.06288528 22.96628174912601 0.1730431544578508 b'i'
57388.04662965 22.87496972429524 0.17424520656464537 b'i'
57402.05287249 22.827756125386227 0.1104364226986192 b'i'
57615.41444783 23.259257145707764 0.16112638043452066 b'i'
57625.38828673 23.103370031449373 0.1317476318648403 b'i'
57633.34879196 23.286541425078227 0.21188520456517068 b'i'
57637.23600595 23.324461707946064 0.1438878274532911 b'i'
57653.1736931 23.1283404431024 0.13410876908865532 b'i'
57662.32551671 23.137541874557606 0.13566400747836482 b'i'
57683.30351485 23.219687296821437 0.2856621783326361 b'i'
57694.06314941 23.2333305642769 0.23956971392468773 b'i'
57701.05842737 23.39249049992256 0.27140420296252543 b'i'
57709.02566321 23.35201529109701 0.16265847702189618 b'i'
57718.06084006 23.425580384052964 0.15189821794124114 b'i'
57722.05434381 23.338640938542895 0.1599826575709642 b'i'
57739.10568354 23.09477564778911 0.20244408090537647 b'i'
57744.0532061 23.040939860073195 0.15685209930945732 b'i'
57756.05542245 23.160802528476285 0.19622275974214887 b'i'
57773.06524733 23.219421520463996 0.13468193797711336 b'i'
57986.29155799 23.111192739627768 0.19009599110561481 b'i'
58008.38765432 22.882243957428727 0.21907382482048732 b'i'
58019.17127144 22.878357294799528 0.1754845084522607 b'i'
58036.12683105 23.03417872605976 0.13838783335342342 b'i'
58040.13889351 22.96022210047015 0.22134443396651093 b'i'
58064.05512695 22.886395399400225 0.17293674206988285 b'i'
58082.06614176 23.18654618796615 0.1761037501713716 b'i'
58092.03863092 22.813184592252885 0.2146702574348751 b'i'
58101.04800556 23.1071499013815 0.16787565906690102 b'i'
58109.04709914 23.002224587967774 0.14891098371673195 b'i'
58113.05392077 22.868846869424146 0.19376654197835563 b'i'
58122.09133689 22.932109795300292 0.14367687040135735 b'i'
58129.04722784 22.9165184473305 0.14031766690807146 b'i'
58372.27439306 22.88178683887323 0.13464228843803383 b'i'
58401.22182486 22.993075959480798 0.15347092826559816 b'i'
58431.15423576 22.9604361335162 0.16431069809972243 b'i'
58438.21999529 22.819064001720328 0.16887349697795884 b'i'
58451.15831808 22.727805164853024 0.1853292101938777 b'i'
