MJD_OBS MAG MAG_ERR BAND
56536.24095941 21.851605914291433 0.07312436634214947 b'g'
56543.28207737 21.869154329301097 0.051416514166220395 b'g'
56547.23975763 22.056966507192485 0.05698360465423136 b'g'
56563.24386996 21.999128060485603 0.04595878525140762 b'g'
56567.18465363 21.918070082186652 0.04686381607329082 b'g'
56645.13591113 21.766141406429536 0.12489302908766577 b'g'
56649.13182666 21.84295993809007 0.0706496156916323 b'g'
56653.14658773 21.75180264014196 0.06688580772065222 b'g'
56654.13601793 21.999648762023874 0.04655670276405388 b'g'
56676.05758924 22.02313375764241 0.09372218965553358 b'g'
56683.03932922 21.95120087996392 0.07738947178285825 b'g'
56697.0365563 22.096466382622463 0.1444541424537782 b'g'
56903.39675947 21.79741274776706 0.04760773623258174 b'g'
56923.32891589 21.770709755318045 0.06205012817060762 b'g'
56956.14097256 21.76663562373898 0.0362736120203877 b'g'
56963.22753646 21.978764577767617 0.09898691958300176 b'g'
56990.19409959 21.737287759817814 0.07055768550818087 b'g'
57001.1601094 21.696125250289114 0.11407286071934664 b'g'
57005.20021446 21.81365388677091 0.05646119057601951 b'g'
57018.05644414 21.788689013288923 0.08110161288669104 b'g'
57019.05590709 21.710101578503927 0.10836873132145541 b'g'
57258.3579972 21.70608148571266 0.04078590985103148 b'g'
57276.38188236 21.509272093030187 0.05021590452155422 b'g'
57283.26013929 21.678201403259216 0.04748154988081765 b'g'
57304.25433077 21.435867077416383 0.08839801206689657 b'g'
57305.26489473 21.544344481293482 0.056709379378354186 b'g'
57318.17754327 21.752020854753393 0.13934334898663892 b'g'
57345.24036127 21.713656467086956 0.052315231998917966 b'g'
57372.11312995 21.690640042889488 0.03778599611422706 b'g'
57385.07784041 21.63947609751317 0.02950799121003911 b'g'
57394.04185375 21.638492593457247 0.050561319519442094 b'g'
57637.28525326 21.544538710961024 0.04169905449153788 b'g'
57666.17526225 21.495274103282867 0.037593919195039405 b'g'
57671.17008394 21.515834647502295 0.05147387058775621 b'g'
57687.30798721 21.453538132281405 0.05987832823457495 b'g'
57695.10590946 21.43762029707358 0.043304959341941895 b'g'
57721.13700292 21.324393724480974 0.04432969576520307 b'g'
57986.32098679 21.228832708988183 0.03565789148335696 b'g'
57996.36930734 21.243683288127528 0.0665570193326559 b'g'
58021.29110251 21.265951938488378 0.03547670210954834 b'g'
58096.12099643 21.36412324054899 0.037463216813598876 b'g'
58130.04272575 21.312886049455564 0.05879655724674393 b'g'
58431.17592005 21.400230897353858 0.03931361491166996 b'g'
58453.14939052 21.441677607913917 0.023875053365003396 b'g'
58457.2178442 21.58528372659583 0.14470547284093982 b'g'
56537.22243917 21.292873029139038 0.06831580084510946 b'r'
56543.28442698 21.497947431919442 0.03860853145898702 b'r'
56547.24211843 21.476161890511147 0.04862120181357099 b'r'
56594.12065572 21.514435011805862 0.062389165902303034 b'r'
56609.08486178 21.29288137585728 0.06970858272410396 b'r'
56629.04005222 21.33203188190327 0.05363899212360934 b'r'
56649.13418565 21.484136918810055 0.048955610763723456 b'r'
56653.14896889 21.38779636710361 0.05523494144279084 b'r'
56660.06314848 21.524425300057338 0.03682156100402523 b'r'
56669.04631906 21.529841630118884 0.07679315450824475 b'r'
56683.04169385 21.576445093606132 0.05791056388287785 b'r'
56903.39912625 21.3592803787804 0.06012913263904806 b'r'
56956.14332591 21.36968539227155 0.031299892655425765 b'r'
56963.22989055 21.427124960422418 0.09317779688507244 b'r'
56990.19644828 21.277453621235395 0.035109580160359144 b'r'
57001.16245074 21.377657112227645 0.057177325921351496 b'r'
57005.20256679 21.32896977531174 0.05145285108551789 b'r'
57019.05826025 21.266145964872717 0.06046753053315257 b'r'
57040.11550686 21.386035098963113 0.033662712838875564 b'r'
57045.10865839 21.274588601309613 0.0544171515004237 b'r'
57253.40309359 21.365391402993954 0.03594322208434875 b'r'
57276.38423589 21.25843016982849 0.04982759466165376 b'r'
57283.26248938 21.291186382622442 0.0366150875616853 b'r'
57304.25670271 21.136066195418405 0.06771723334356139 b'r'
57305.26725523 21.16329098210666 0.03785022627189605 b'r'
57318.17991501 21.221769690402294 0.06692099832280363 b'r'
57345.24271562 21.219059213552548 0.03917938030603807 b'r'
57365.1233434 21.23526358404588 0.024706052162002834 b'r'
57372.11548854 21.23001577761739 0.03529974515461376 b'r'
57385.08021985 21.170541072281733 0.024632463076603273 b'r'
57394.04420524 21.14876427114188 0.03446563654441448 b'r'
57637.28761206 21.170581299395685 0.03905591093382199 b'r'
57645.23414451 21.19354666693696 0.07362405063424404 b'r'
57666.17762112 21.040727300444484 0.033714133797516865 b'r'
57687.230088195 20.923576919081434 0.0381417605202697 b'r'
57688.11443485 21.12461926356852 0.030062966837576255 b'r'
57690.22354746 21.06258038301693 0.03065210373828009 b'r'
57695.10826148 21.177577953033524 0.03569818243087752 b'r'
57710.05291309 21.043985978488315 0.026257705118826635 b'r'
57715.11281115 20.96358226210378 0.04466179943780091 b'r'
57721.13562122 21.046839839869715 0.03541309299826523 b'r'
57750.13971455 20.90386104905134 0.03478832272536181 b'r'
57986.32334735 20.917893851468612 0.03827017413775735 b'r'
58010.24224511 21.012665089919075 0.025872970156690656 b'r'
58015.24856556 20.995917467095897 0.028674317246629503 b'r'
58021.29345171 20.973042341926547 0.026617785994169196 b'r'
58052.27347706 20.981695878451255 0.02441672592033939 b'r'
58096.11961131 20.97533264663848 0.028944631314669067 b'r'
58130.04507562 20.86759464522377 0.0423598053454981 b'r'
58137.04288077 20.988322041507097 0.033183824234299664 b'r'
58409.23429357 20.896365237769594 0.04461448242050636 b'r'
58457.21836402 20.791103422683484 0.11286827307045755 b'r'
56543.28650951 21.156485493841068 0.038052539736472824 b'i'
56609.08694765 21.011452396616853 0.0603949705242357 b'i'
56645.14035078 21.212649240486876 0.047875257079056155 b'i'
56649.1362768 20.981037986153634 0.043553580361145094 b'i'
56653.15106946 21.205430182792554 0.049427581017084776 b'i'
56660.06521984 21.13638728914791 0.03827488367970133 b'i'
56669.04840217 21.06243817386837 0.05664294868938313 b'i'
56676.06203416 21.16559911307047 0.041054054013464736 b'i'
56683.04375498 21.18012659213015 0.04997953663247401 b'i'
56903.40119291 21.082882775146405 0.062454168300334345 b'i'
56956.1454004 20.913196251933925 0.028515550563870562 b'i'
56963.23193606 20.985407963393214 0.06649676684241967 b'i'
56973.13324181 20.950857154786302 0.028393056128425798 b'i'
56990.19850093 20.805665896629204 0.03773844431526996 b'i'
57001.16450675 20.925475985212856 0.03866897249158541 b'i'
57005.20461476 20.922900934925018 0.04871080385781568 b'i'
57019.06032429 20.974697598061823 0.05392229541758553 b'i'
57033.10466837 20.935744570969845 0.03661783885179659 b'i'
57040.11757464 21.016424503273893 0.03267760741704606 b'i'
57045.11072169 21.053167832768985 0.04545189893251944 b'i'
57253.40516014 20.934199692436636 0.03267999857629178 b'i'
57258.36243196 20.95592007096951 0.030274409074447565 b'i'
57276.38631302 20.837406552608996 0.039343839899860455 b'i'
57283.26456242 20.90459946858146 0.02769519343018345 b'i'
57303.18415392 20.823607899197842 0.040782847719953 b'i'
57304.25876982 20.877751875470217 0.06346406443879005 b'i'
57305.26931879 20.87991599443594 0.03416330165640602 b'i'
57318.18198646 20.895246867087067 0.05839165847054417 b'i'
57345.24478994 20.822799368073373 0.03690628018849651 b'i'
57365.12541018 20.920915971029583 0.022112399328275245 b'i'
57370.16940066 20.86594864799477 0.034566695420544136 b'i'
57372.11756501 20.851219371222015 0.03194531919098864 b'i'
57385.0822891 20.858413759011093 0.024386139951772634 b'i'
57394.04627548 20.92827242411642 0.03324382321267905 b'i'
57401.06496544 20.86912209197914 0.027692782770888158 b'i'
57637.28968591 20.843936267541668 0.03387909622997398 b'i'
57645.2362062 20.80479325166117 0.06150670489361687 b'i'
57666.1796929 20.808577369079607 0.03334181712012452 b'i'
57671.17449245 20.76045104128528 0.025737728711415997 b'i'
57689.22662209 20.791089617518153 0.035295272857567284 b'i'
57695.11033598 20.844444809057585 0.03431929580947113 b'i'
57702.10861287 20.785552525876643 0.03427320997080585 b'i'
57710.05499281 20.743184387687506 0.029541515180135036 b'i'
57711.19263677 20.65048486174318 0.11881370170137728 b'i'
57722.14148213 20.779271877114866 0.03747265847950487 b'i'
57750.14177125 20.677207115425187 0.03792396382688068 b'i'
57782.07158797 20.787797611192804 0.03272319016623726 b'i'
57986.32542497 20.6672509474503 0.03734789646436809 b'i'
58010.24430413 20.60572291940983 0.025087443307981516 b'i'
58015.25062771 20.52215927466125 0.03227779173560208 b'i'
58021.29553184 20.585310141415064 0.024081640912442026 b'i'
58052.2755348 20.64750127989384 0.024899741756765792 b'i'
58084.20625229 20.727831198801496 0.048702805086101364 b'i'
58092.07900508 20.64072612304058 0.047252226547534804 b'i'
58094.0987519 20.732476308124916 0.02251215285119912 b'i'
58108.15667605 20.64655407285011 0.02279205567764464 b'i'
58130.04714496 20.601380309935983 0.051352198304147834 b'i'
58137.04494329 20.62577910429372 0.028261120350805413 b'i'
58372.29356314 20.60078297486059 0.0279438314601812 b'i'
58409.23599917 20.66040929198816 0.03750812870151421 b'i'
