MJD_OBS MAG MAG_ERR BAND
56520.23586661 21.35703232030757 0.03464779486671432 b'g'
56538.14720893 21.274999837483556 0.019552968522333458 b'g'
56543.10525006 21.215236745988 0.032381554402146406 b'g'
56547.09417018 21.37966984803477 0.04286403346093337 b'g'
56563.05038448 21.36701914119076 0.027734760380667467 b'g'
56567.06802165 21.481333929725828 0.14567415158243335 b'g'
56568.06428619 21.400004823796554 0.031696505516439544 b'g'
56575.01433457 21.38723557530419 0.029036502579245393 b'g'
56576.27213399 21.34239358213676 0.03220842498214793 b'g'
56579.01254427 21.364506262105664 0.06257230444243334 b'g'
56592.07756676 21.354585353586028 0.041813580885172286 b'g'
56594.01242014 21.331766836282505 0.03067312036236558 b'g'
56602.01324238 21.404655485850974 0.02832170164509762 b'g'
56605.2332555 21.345546674301445 0.04265157578628731 b'g'
56615.06750618 21.315039027491444 0.055154885136488474 b'g'
56625.14834621 21.252550555828734 0.018989790005100815 b'g'
56628.104543295005 21.23391242178513 0.018746966433037096 b'g'
56635.08343196 21.2328546818115 0.041216785440258974 b'g'
56642.04122436 21.112260523069832 0.07311237964573891 b'g'
56645.10754205 21.15209877249379 0.06758475063283242 b'g'
56649.05071368 21.205923491700048 0.01772165710455198 b'g'
56656.04670394 21.24878759921169 0.02290013290797077 b'g'
56657.06889256 21.16743690396589 0.027170467669538567 b'g'
56667.04554227 21.319105764722146 0.051482993807582034 b'g'
56675.05770864 21.42746257853091 0.08074840999606892 b'g'
56682.05342583 21.348822030153052 0.03161460087978796 b'g'
56687.05328793 21.27804340211639 0.034969311175682805 b'g'
56695.03094696 21.493924559108812 0.07292880175307914 b'g'
56887.21096163 21.669412195581536 0.02605956889508576 b'g'
56891.37719244 21.632194619119822 0.02955066390995853 b'g'
56912.09612408 21.480582131001714 0.09038249950446797 b'g'
56920.07474222 21.543593705222413 0.025580506923866153 b'g'
56925.15799977 21.67646704359391 0.05747178742043957 b'g'
56930.12745888 21.67528741499113 0.03168128529920722 b'g'
56943.0180281 21.65400848356333 0.03565664466135843 b'g'
56949.02744613 21.747997912988907 0.036916668985050194 b'g'
56956.00811989 21.677511428535993 0.035650566607024814 b'g'
56960.17070443 21.657735254498945 0.04278190890114786 b'g'
56973.02078094 21.723605587393006 0.0338718147144057 b'g'
56980.03745484 21.71828723238139 0.027113831799074006 b'g'
56987.04146497 21.67516045148229 0.03055407022579359 b'g'
56992.04630187 21.684986918171003 0.059199713037649815 b'g'
57002.05011183 21.667298041845687 0.027981545609591763 b'g'
57011.055966 21.644225395265916 0.025157641669430575 b'g'
57017.07357348 21.69920138979315 0.038062711224736034 b'g'
57025.05705388 21.493482575679916 0.10206429804679473 b'g'
57030.09057864 21.624718249561134 0.10375936705951716 b'g'
57037.07382623 21.593893746025326 0.030849329395120865 b'g'
57042.08816102 21.610610582345018 0.04049522633093616 b'g'
57252.21530607 21.503049828868395 0.027891506333016736 b'g'
57257.22494548 21.4352420346352 0.042551800933598116 b'g'
57273.31367063 21.598038311173692 0.03119487375443697 b'g'
57278.18539721 21.546816800548832 0.029103661947392112 b'g'
57283.12905579 21.70111758700247 0.0572858753447818 b'g'
57301.04620305 21.632095204376874 0.05558569364117005 b'g'
57305.0640739 21.605162319794573 0.05689880789390145 b'g'
57311.02023556 21.589873030638472 0.036027359021780114 b'g'
57315.16316551 21.624247858177917 0.04878739336092153 b'g'
57325.00952538 21.492175814891112 0.040323884742797134 b'g'
57329.02847203 21.456239467887404 0.03057934687832997 b'g'
57334.22381795 21.4880632175682 0.036211085990114356 b'g'
57340.06342432 21.504119506783013 0.025983540126262028 b'g'
57347.0764212 21.357805207546495 0.05395556022168435 b'g'
57356.12013504 21.42155269899723 0.02428016797365018 b'g'
57366.03850317 21.373575437092825 0.02670623821710194 b'g'
57389.05716546 21.328683390206102 0.027418083593783393 b'g'
57623.22154194 21.424541767541676 0.04870609081310562 b'g'
57627.36331872 21.19012935840519 0.09768421127706262 b'g'
57629.2274611 21.26270758085872 0.019466207316227724 b'g'
57633.22495197 21.24777090647206 0.022692334674193404 b'g'
57636.20881072 21.272393795279736 0.030087406622492097 b'g'
57637.21710252 21.21077061777867 0.02516509051284288 b'g'
57641.08967446 21.335802925587497 0.05247545652839136 b'g'
57642.10094811 21.340857699848755 0.07252682185194459 b'g'
57653.06771786 21.229829994843843 0.021436965404827646 b'g'
57657.20832835 21.218963015277225 0.020270945584620392 b'g'
57666.03514384 21.333628099238474 0.02604460393356689 b'g'
57671.00739619 21.33353526105298 0.04608866625111574 b'g'
57680.01620561 21.293432146611934 0.04767988628423936 b'g'
57681.01476208 21.264921602514995 0.05015607033018554 b'g'
57682.01626341 21.500776447082366 0.0414475358027353 b'g'
57686.02035913 21.36766492512804 0.03271817690031753 b'g'
57694.02475984 21.547935252915433 0.023943518896441418 b'g'
57701.03942335 21.44632319031601 0.05891307870615847 b'g'
57753.08202854 21.564755601175918 0.04019162867843562 b'g'
57985.23821251 21.142873970087095 0.022432366754102873 b'g'
57990.24413175 21.21907647027647 0.017680555403714493 b'g'
57994.31635709 21.18905273819309 0.024889011205424083 b'g'
58007.09880819 21.194637136521894 0.03043688599553107 b'g'
58014.07756244 21.143596783524508 0.01931201583532527 b'g'
58021.0604333 21.010635040587456 0.047419802956735424 b'g'
58036.01892311 21.194268572200052 0.03031264529650457 b'g'
58040.03448104 21.12885398600122 0.02763301789997641 b'g'
58045.01578859 21.172464589191712 0.028359584744215734 b'g'
58052.01860166 21.21705225199667 0.03266665177573458 b'g'
58057.02660307 21.17012095374557 0.0519124663685524 b'g'
58064.02727266 21.109258545252622 0.0181901822069932 b'g'
58076.10703974 21.043320447011666 0.029441395875558385 b'g'
58093.05357512 21.131944987221466 0.017803647169646553 b'g'
58097.09606909 21.04448321787638 0.027867497212124448 b'g'
58107.10007776 21.16892224884565 0.020098366319469818 b'g'
58117.05690355 21.180701820265057 0.07283812839629888 b'g'
58124.0900377 21.17258002839403 0.019862105106753347 b'g'
58127.047925 21.143402840850207 0.0243841292390492 b'g'
58134.04137485 21.368038766406933 0.04688622881881699 b'g'
58372.26317869 21.275725045433802 0.02134470654964815 b'g'
58401.04783602 21.31389453639359 0.02573466847410799 b'g'
58431.10891515 21.40711364271438 0.02728374099225661 b'g'
58450.18019015 21.4580514626254 0.03948723876900573 b'g'
56520.2382323 21.05677558576634 0.027602457310621276 b'r'
56538.14958731 21.158940551434476 0.024451977400580915 b'r'
56543.10761578 21.105408778336745 0.039340281612776806 b'r'
56547.09653251 21.14388742920596 0.045670686510987935 b'r'
56563.05273058 21.17447905645861 0.03418570308336655 b'r'
56575.01669829 21.149402913387817 0.029183633131005138 b'r'
56578.26286915 21.15859804439243 0.0351518927631318 b'r'
56594.01478026 21.169649567651028 0.030513370157009945 b'r'
56602.01560672 21.146956575574652 0.02835196391196959 b'r'
56609.02858898 21.063241876135603 0.04950554598465473 b'r'
56615.06985163 21.189767036483286 0.04446489187274949 b'r'
56625.150719 21.0714908543453 0.0231240565269637 b'r'
56628.03612763 21.024351163141763 0.02369799046032739 b'r'
56633.15999087 21.06054983366705 0.030928265494907237 b'r'
56635.08580689 21.021934847260233 0.0345757096596202 b'r'
56642.04358489 21.117249535520667 0.062169460036663786 b'r'
56645.10990797 20.973588448497964 0.04830408447520185 b'r'
56649.05310541 20.970054041032846 0.01963297459846558 b'r'
56656.074066665 21.011686837406398 0.01877134563424265 b'r'
56667.04792001 21.16164444657342 0.04065701544057987 b'r'
56675.06008314 21.163359844049698 0.055727721060574 b'r'
56682.05578757 21.06820398839422 0.03236352923324759 b'r'
56687.0556362 21.0664820385921 0.03700769265928727 b'r'
56695.03331647 21.216744675778486 0.05050555959402914 b'r'
56887.21331552 21.335959223656122 0.02656941618277031 b'r'
56891.37955193 21.380800898454254 0.038564501850988364 b'r'
56903.1226172 21.260870706582793 0.0962348383229461 b'r'
56912.09846051 21.300065823948312 0.06422472724842265 b'r'
56920.07710056 21.34223039120153 0.03106740806964936 b'r'
56925.16034257 21.349489148773234 0.03587564619153483 b'r'
56930.1298036 21.33145739487272 0.03038611358292087 b'r'
56943.02038615 21.316173466745834 0.03738051130767417 b'r'
56949.02979841 21.37893430527186 0.08181144106371008 b'r'
56950.21464598 21.333446183293844 0.0475003482408205 b'r'
56956.01046727 21.45123231670362 0.034344230968315514 b'r'
56960.17304073 21.432178734448247 0.03761966879732981 b'r'
56973.02313508 21.45847259538743 0.032580697900002065 b'r'
56980.03980992 21.424891598465184 0.030199562153370607 b'r'
56987.04381069 21.397931539238385 0.029660805824768488 b'r'
56992.04864985 21.293784172554425 0.060391423257748045 b'r'
57002.0524659 21.381355863040262 0.027835637285519965 b'r'
57011.05832003 21.372139386165934 0.02690807138395712 b'r'
57017.07592319 21.411518580113015 0.03691284094045599 b'r'
57025.05940896 21.4175694894426 0.06679204743458911 b'r'
57037.07617681 21.36103211353716 0.0338815069382683 b'r'
57042.09052688 21.37626512066987 0.051203086394703945 b'r'
57252.21765271 21.208984804446594 0.02777984174734982 b'r'
57257.22729462 21.394319515763854 0.05776388133586963 b'r'
57265.22527751 21.206467104253083 0.06723765195852494 b'r'
57273.31601594 21.397829392412227 0.030081910212494734 b'r'
57278.18775849 21.315940492160347 0.027096590397594152 b'r'
57283.13142492 21.28117078106262 0.06472022504188146 b'r'
57297.04546027 21.41194307863487 0.05124701975108792 b'r'
57301.04856768 21.300646006159287 0.0996565288882536 b'r'
57305.06642821 21.310701013112883 0.05452234622052288 b'r'
57311.02258595 21.252874071442847 0.03936401719104765 b'r'
57315.16552244 21.271074873795552 0.059668029965440184 b'r'
57325.01187698 21.323862291022923 0.035936912133443855 b'r'
57329.03082074 21.246588312524075 0.03977302436050678 b'r'
57334.22617088 21.239948928377952 0.03250634454640888 b'r'
57347.07879212 21.06556158288698 0.05763252916561967 b'r'
57356.12249877 21.188437344718096 0.026289922293500467 b'r'
57366.0408607 21.13034581994416 0.025204543285639147 b'r'
57385.09485162 21.141480318913946 0.0310771407912469 b'r'
57389.0595156 21.10614131464078 0.02806961537458008 b'r'
57396.04682922 21.098422130670347 0.029665788683924887 b'r'
57623.22389204 21.055296081413474 0.03546281796222672 b'r'
57627.3656676 21.12172286874065 0.06210438223572723 b'r'
57629.22982135 21.034669112470734 0.02057854753655164 b'r'
57633.22730846 21.065457452100155 0.023523832159455083 b'r'
57636.2060538 21.081949868781532 0.03119906946939821 b'r'
57637.21947318 21.07750621452775 0.027582209961106937 b'r'
57653.07007664 21.01313007556013 0.023801219987891642 b'r'
57657.21069054 21.009336511275432 0.026931267535342585 b'r'
57666.03749751 21.10737411349178 0.029437168121972945 b'r'
57671.00975832 21.11346288405823 0.04096696900217012 b'r'
57680.01855455 20.970347356406588 0.056330576268539545 b'r'
57681.01707404 21.117542707009306 0.05562962418598616 b'r'
57686.02271716 21.208604817636456 0.047703051438826805 b'r'
57694.02712314 21.229224011694804 0.02830050376748261 b'r'
57701.04178034 21.231828765032 0.0517477600128089 b'r'
57753.0806608 21.259439577055208 0.03782640023613126 b'r'
57760.05279916 21.28544795251359 0.062049834165527784 b'r'
57981.21907527 21.020540776396864 0.05107514926223189 b'r'
57985.2405862 21.031256159567654 0.0241163564528577 b'r'
57990.24649597 21.000170358897137 0.020441438078531604 b'r'
57994.31870662 20.95354822659794 0.029469315751782688 b'r'
57998.12687047 21.10998790073804 0.04181510512551867 b'r'
58007.10116755 21.00285646994106 0.028482658582785092 b'r'
58014.07992524 21.025619763392978 0.022380331275204668 b'r'
58021.06279828 21.025812299712413 0.042357576178012835 b'r'
58036.0212698 21.024348482792988 0.02918886043636704 b'r'
58040.03683264 20.968682590632238 0.03173320715166028 b'r'
58045.01814647 20.93493961919073 0.0312655427399946 b'r'
58052.02096902 21.036295278335356 0.027801071369832897 b'r'
58057.02896301 20.979155123368013 0.04249473698310524 b'r'
58076.10939571 20.95991181435465 0.024449156665315996 b'r'
58077.17172797 20.942896216534493 0.026114555674936923 b'r'
58099.14634009 20.9453476848862 0.03404817195765375 b'r'
58117.05926385 21.195610508325384 0.06099963192622582 b'r'
58124.09239515 20.924507537759233 0.020483998499649658 b'r'
58127.05029141 21.003309152262418 0.024089406528965185 b'r'
58134.04372602 21.053341909253106 0.03264206519620316 b'r'
58372.26489375 21.07413051968306 0.0242300761479477 b'r'
58401.04958389 21.02860017260261 0.02911399790159308 b'r'
58431.11063505 21.13555901769793 0.02514721150225796 b'r'
58450.18190855 21.12017163957417 0.033024755174334786 b'r'
56520.24030989 20.89823050707021 0.029092811695750953 b'i'
56538.15165428 20.83489958519466 0.028139066660177292 b'i'
56543.10969791 20.8405305694354 0.04627720305385452 b'i'
56545.39743537 20.828945334073822 0.038499724679994074 b'i'
56547.09860424 20.813576269134202 0.038083108467596105 b'i'
56551.08185994 20.721957873040274 0.07606882966834405 b'i'
56563.0548115 20.882294875814786 0.034554109648045284 b'i'
56575.01876246 20.885812161374883 0.031384210429074244 b'i'
56578.26423749 20.81094913595532 0.04690866100382607 b'i'
56579.01698275 20.86084950909804 0.043362397112034046 b'i'
56594.0168534 20.85067761651147 0.03565975269491162 b'i'
56602.01768224 20.811293831560292 0.03209228734420577 b'i'
56609.03065949 20.88235120133816 0.04036377040132777 b'i'
56615.07198343 20.80711412865658 0.04425276091762953 b'i'
56625.15281594 20.84521852029392 0.02650166672008325 b'i'
56628.03823398 20.85379075988187 0.03023447438318882 b'i'
56635.08787682 20.825856420102372 0.03903915840867356 b'i'
56642.0456688 20.805502865956782 0.06113389200624652 b'i'
56645.11198444 20.86200966848441 0.049106566402905116 b'i'
56649.05518252 20.798348387342024 0.027020986743451658 b'i'
56656.075804935 20.794164436210963 0.024031632089380448 b'i'
56667.04998901 20.798908768850538 0.04707389744850943 b'i'
56675.06216084 20.835016484628287 0.04828446599934111 b'i'
56682.05786435 20.861833163718376 0.041358418601912916 b'i'
56687.05772012 20.829223655831907 0.03961521809457125 b'i'
56695.03541671 20.895071934690396 0.047146559358175466 b'i'
56887.21538014 20.954330476900328 0.03100291053270965 b'i'
56891.38162205 21.015602962750357 0.04905818185607558 b'i'
56903.12467968 20.96884828595537 0.08832335766115307 b'i'
56912.10052287 20.950559579628667 0.05729738747048074 b'i'
56920.07916962 20.935626025646368 0.0351415435859046 b'i'
56925.16239904 20.979471698676175 0.03252013363722028 b'i'
56930.13187726 20.98830998481757 0.031923628880960564 b'i'
56943.02246494 21.061169007085823 0.041223923819494246 b'i'
56949.03184933 20.965863967796597 0.03718074686375772 b'i'
56956.01253673 21.022698699234255 0.03943375301761165 b'i'
56960.17510419 21.11029146190964 0.03679688957084437 b'i'
56973.02520316 21.0785750275003 0.033356768872870646 b'i'
56980.0418671 21.0306686161974 0.033937958287314274 b'i'
56987.04586573 21.05107730046729 0.0351447263551421 b'i'
57011.06038809 21.01182487645151 0.03223886040323265 b'i'
57017.07798067 21.037432800429844 0.04214628556723099 b'i'
57025.06146631 21.054089756024418 0.053006828286306984 b'i'
57037.07822341 21.027287496989143 0.04308061577520661 b'i'
57042.09258269 21.03876127413163 0.041566750140475506 b'i'
57235.18171192 20.995448950403798 0.08073818460368187 b'i'
57252.21972044 20.878136716740947 0.03580708755983153 b'i'
57257.22934506 20.931746624284816 0.0550570177237617 b'i'
57278.18983727 21.02490923233034 0.02899560773694887 b'i'
57283.13348839 21.067193090865107 0.07773081342065424 b'i'
57287.07376989 20.918916794907553 0.07200476271270517 b'i'
57291.0832247 20.99458807571571 0.06214621364173922 b'i'
57297.04751964 20.831496854748348 0.07047660485563867 b'i'
57301.05062927 20.91876081668315 0.12809379773117158 b'i'
57305.06849263 20.916251979966056 0.0748354328259424 b'i'
57311.02464546 20.97335039345076 0.04594644208972909 b'i'
57315.16760903 20.923227057050873 0.07284234382837695 b'i'
57325.01394385 20.87290628957037 0.04049407179012121 b'i'
57329.03289402 20.978695763479166 0.04171314754917077 b'i'
57334.22824225 20.86696076514618 0.032617952252309124 b'i'
57347.08084908 20.917859339475264 0.04371048451109516 b'i'
57356.12457718 20.93711178121756 0.02999968220471061 b'i'
57366.04292527 20.893992105276485 0.03100951598779389 b'i'
57373.04001333 20.812216528363447 0.04775958709207018 b'i'
57385.09691707 20.862746597881827 0.03278130641484367 b'i'
57389.06158309 20.820228003215245 0.035813883516315315 b'i'
57396.04888738 20.804886383447045 0.03484967849085052 b'i'
57623.22594473 20.852893046916513 0.029905501219111837 b'i'
57627.36772959 20.933016801145257 0.13381605550748077 b'i'
57629.23188798 20.81330431035167 0.022638805883541835 b'i'
57633.22938217 20.771113675232158 0.02787195361629813 b'i'
57636.20743071 20.828578981635708 0.0467628386770258 b'i'
57637.22154768 20.80431372041483 0.03113158709144059 b'i'
57642.10538322 20.718258836268234 0.03751180946843391 b'i'
57645.09166414 20.753222588888207 0.061021678510552846 b'i'
57653.07213532 20.75908642413497 0.02898916050950362 b'i'
57657.21275945 20.85562534324958 0.03344028745597427 b'i'
57666.03956847 20.87619220168242 0.04162544468965734 b'i'
57680.02061687 20.93612947982426 0.08102761549149662 b'i'
57686.0247768 20.832627428451428 0.0594791449305454 b'i'
57694.02918845 20.975346047277085 0.03481193611468569 b'i'
57701.0438402 21.062943570050034 0.04143432109433931 b'i'
57718.0461469 21.00722272869649 0.04217919124323899 b'i'
57719.04972782 21.00105321718157 0.03389513253956267 b'i'
57723.13401308 20.991338229255234 0.04921165476525857 b'i'
57741.04422513 21.039120082014918 0.04714966649694219 b'i'
57760.05486128 20.865739540470052 0.05339911609840442 b'i'
57773.05082212 20.967872363420277 0.03380857628987499 b'i'
57981.22112824 20.836257984148197 0.07424736419067912 b'i'
57985.24265882 20.7616108271809 0.02559662654517325 b'i'
57990.24855485 20.815473310197987 0.024539580185976462 b'i'
57994.32077826 20.79320318170869 0.038766149953673334 b'i'
57998.12894039 20.74844952968123 0.041739402294268764 b'i'
58007.10322993 20.740182894180673 0.04198600179087464 b'i'
58014.08198194 20.799665128812915 0.030051671306960515 b'i'
58021.06486074 20.711165257012592 0.054928051720654736 b'i'
58036.02333656 20.836168389339573 0.035478553760761145 b'i'
58040.03890371 20.796398160856008 0.0424697803062557 b'i'
58045.02021191 20.81186889470345 0.03712796171504351 b'i'
58052.02304428 20.76774636518401 0.03138454965925064 b'i'
58057.03103024 20.892972019478215 0.038455639615641246 b'i'
58064.03168229 20.70774171336659 0.028724285676656084 b'i'
58076.11147116 20.698402874020854 0.029894381706530027 b'i'
58077.17034433 20.72575859457225 0.0426201541968112 b'i'
58107.10453641 20.744733775182816 0.02584826454289768 b'i'
58117.06133372 20.68632034127089 0.053917813444506635 b'i'
58124.09446162 20.765368612856488 0.025436404765827092 b'i'
58127.05235415 20.713868808333288 0.030055873765920893 b'i'
58134.04579981 20.747804942609896 0.0312936721736321 b'i'
58372.26661119 20.83134308823302 0.035888500076453056 b'i'
58401.05130673 20.84712255816962 0.04622423293537281 b'i'
58431.11235692 20.850357128610256 0.03337610161517546 b'i'
58450.18362564 20.883510983232263 0.04239668223433668 b'i'
